0,0
6.33817233473509,0.0001
12.6761243472346,0.0002
19.01336028741,0.0003
25.3496045302776,0.0004
31.6845261832736,0.0005
38.017794033278,0.0006
44.3490764899096,0.0007
50.6780415033506,0.0008
57.0043564838267,0.0009
63.3276882192536,0.001
69.6477027907262,0.0011
75.9640654855461,0.0012
82.2764407074657,0.0013
88.584491883809,0.0014
94.8878813691132,0.0015
101.186270344913,0.0016
107.47931871526,0.0017
113.766684997558,0.0018
120.048026208246,0.0019
126.322997742834,0.002
132.591253249771,0.0021
138.852444497565,0.0022
145.106221234531,0.0023
151.352231040505,0.0024
157.590119169779,0.0025
163.819528384473,0.0026
170.040098777459,0.0027
176.251467583894,0.0028
182.4532689803,0.0029
188.64513387006,0.003
194.82668965404,0.0031
200.997559984943,0.0032
207.157364503847,0.0033
213.305718557204,0.0034
219.442232892373,0.0035
225.566513329587,0.0036
231.678160407935,0.0037
237.776769002731,0.0038
243.861927911272,0.0039
249.933219403617,0.004
255.990218734627,0.0041
262.032493612981,0.0042
268.059603622331,0.0043
274.071099589106,0.0044
280.066522890708,0.0045
286.04540469695,0.0046
292.007265136574,0.0047
297.951612379428,0.0048
303.877941623485,0.0049
309.78573397419,0.005
315.674455201591,0.0051
321.54355435835,0.0052
327.392462239518,0.0053
333.220589658985,0.0054
339.027325516534,0.0055
344.812034624224,0.0056
350.574055252124,0.0057
356.312696347779,0.0058
362.027234374435,0.0059
367.716909701518,0.006
373.380922466812,0.0061
379.01842781128,0.0062
384.628530365908,0.0063
390.210277841092,0.0064
395.762653531972,0.0065
401.284567506075,0.0066
406.774846177875,0.0067
412.232219893591,0.0068
417.655308041838,0.00690000000000001
423.042601060895,0.00700000000000001
428.392438516013,0.00710000000000001
433.702982153296,0.00720000000000001
438.972182460172,0.00730000000000001
444.197736733146,0.00740000000000001
449.377035905478,0.00750000000000001
454.507096289445,0.00760000000000001
459.584470760824,0.00770000000000001
464.605131525683,0.00780000000000001
469.564312871408,0.00790000000000001
474.456296559525,0.00800000000000001
479.274113226854,0.00810000000000001
484.009118317107,0.00820000000000001
488.650379547368,0.00830000000000001
493.183761049993,0.0084
493.298947694076,0.00840400000000001
493.391246823118,0.00840800000000001
493.484947792532,0.00841200000000001
493.600077445669,0.00841600000000001
493.74612819558,0.00842000000000001
493.922286488737,0.00842400000000001
494.120304124814,0.00842800000000001
494.328538654007,0.00843200000000001
494.535760909958,0.00843600000000001
494.733836560098,0.00844000000000001
494.918930944187,0.00844400000000001
495.091333437454,0.00844800000000001
495.254307430154,0.00845200000000001
495.412510316713,0.00845600000000001
495.570492498866,0.00846000000000001
495.7316244959,0.00846400000000001
495.897595461747,0.00846800000000001
496.068445521167,0.00847200000000001
496.24297801655,0.00847600000000001
496.419353140353,0.00848000000000002
496.59567795118,0.00848400000000002
496.770458227085,0.00848800000000002
496.942843964783,0.00849200000000002
497.112664720464,0.00849600000000002
497.280300069882,0.00850000000000002
497.446456846859,0.00850400000000002
497.611927846487,0.00850800000000002
497.777391523899,0.00851200000000002
497.94328729469,0.00851600000000002
498.1097749154,0.00852000000000002
498.276765486913,0.00852400000000002
498.443999139926,0.00852800000000002
498.61114078544,0.00853200000000002
498.777868776074,0.00853600000000002
498.943939242619,0.00854000000000002
499.109218396169,0.00854400000000002
499.273683806247,0.00854800000000002
499.437401957787,0.00855200000000002
499.600492550771,0.00855600000000003
499.763090170946,0.00856000000000003
499.925311865275,0.00856400000000003
500.087235826503,0.00856800000000003
500.24889283176,0.00857200000000003
500.410269112983,0.00857600000000003
500.57131736491,0.00858000000000003
500.731971789162,0.00858400000000003
500.892163282336,0.00858800000000003
501.051831757862,0.00859200000000003
501.210933901368,0.00859600000000003
501.369445929257,0.00860000000000003
501.527361971496,0.00860400000000003
501.684689383105,0.00860800000000003
501.841442557138,0.00861200000000003
501.997636720783,0.00861600000000003
502.153282852004,0.00862000000000003
502.308384383542,0.00862400000000003
502.462935882112,0.00862800000000003
502.616923492425,0.00863200000000004
502.770326670336,0.00863600000000004
502.923120611378,0.00864000000000004
503.075278795145,0.00864400000000004
503.226775177503,0.00864800000000004
503.377585728412,0.00865200000000004
503.527689191652,0.00865600000000004
503.677067100411,0.00866000000000004
503.825703197899,0.00866400000000004
503.973582475856,0.00866800000000004
504.120690057772,0.00867200000000004
504.267010127409,0.00867600000000004
504.412525050735,0.00868000000000004
504.557214775298,0.00868400000000004
504.701056528341,0.00868800000000004
504.844024783153,0.00869200000000004
504.986091427754,0.00869600000000004
505.127226127873,0.00870000000000004
505.267396659953,0.00870400000000005
505.406569125226,0.00870800000000005
505.544708124847,0.00871200000000005
505.681776813568,0.00871600000000005
505.81773682572,0.00872000000000005
505.952548082688,0.00872400000000005
506.086168501289,0.00872800000000005
506.218553628021,0.00873200000000005
506.349656225055,0.00873600000000005
506.479425830527,0.00874000000000005
506.607808309323,0.00874400000000005
506.734745402559,0.00874800000000005
506.86017427563,0.00875200000000005
506.984027057231,0.00875600000000005
507.106230355651,0.00876000000000005
507.226704734154,0.00876400000000005
507.345364124317,0.00876800000000005
507.462115154369,0.00877200000000005
507.576856368413,0.00877600000000005
507.689477311289,0.00878000000000006
507.799857452267,0.00878400000000006
507.907864918079,0.00878800000000006
508.013355001638,0.00879200000000006
508.116168406175,0.00879600000000006
508.216129176413,0.00880000000000006
508.313042255624,0.00880400000000006
508.406690591771,0.00880800000000006
508.496831694995,0.00881200000000006
508.583193521322,0.00881600000000006
508.665469521753,0.00882000000000006
508.743312648804,0.00882400000000006
508.81632805025,0.00882800000000006
508.884064096092,0.00883200000000006
508.946001272395,0.00883600000000006
509.001538316337,0.00884000000000006
509.049974759348,0.00884400000000006
509.090488740162,0.00884800000000006
509.122108520099,0.00885200000000006
509.143675523992,0.00885600000000007
509.153795836946,0.00886000000000007
509.150775769633,0.00886400000000007
509.132535145802,0.00886800000000007
509.096489016663,0.00887200000000007
509.039384002087,0.00887600000000007
508.957068608812,0.00888000000000007
508.844166506957,0.00888400000000007
508.693606558732,0.00888800000000007
508.495943129652,0.00889200000000007
508.238380574507,0.00889600000000007
507.903425853322,0.00890000000000007
507.467243756264,0.00890400000000007
506.898448571648,0.00890800000000007
506.160255197739,0.00891200000000007
505.224324595564,0.00891600000000007
504.109900935604,0.00892000000000007
502.939641893878,0.00892400000000007
501.936573718546,0.00892800000000007
501.309304595522,0.00893200000000008
501.130618275522,0.00893600000000008
501.335825625283,0.00894000000000008
501.807397858165,0.00894400000000008
502.439822393229,0.00894800000000008
503.151965074066,0.00895200000000008
503.877531953727,0.00895600000000008
504.560799392938,0.00896000000000008
505.159953250245,0.00896400000000008
505.650395092275,0.00896800000000008
506.023200239876,0.00897200000000008
506.278258911915,0.00897600000000008
506.41648057249,0.00898000000000008
506.43760464509,0.00898400000000008
506.345865265753,0.00898800000000008
506.159417609645,0.00899200000000008
505.915829851455,0.00899600000000008
505.668039399916,0.00900000000000008
505.471449770355,0.00900400000000008
505.368699051745,0.00900800000000009
505.380248112416,0.00901200000000009
505.504299920479,0.00901600000000009
505.723144697957,0.00902000000000009
506.010667437743,0.00902400000000009
506.337916155611,0.00902800000000009
506.676600945015,0.00903200000000009
507.001544658218,0.00903600000000009
507.292662183387,0.00904000000000009
507.536363888584,0.00904400000000009
507.726111417766,0.00904800000000009
507.862099235456,0.00905200000000009
507.950297879003,0.00905600000000009
508.001138365434,0.00906000000000009
508.027981487893,0.00906400000000009
508.045403232255,0.00906800000000009
508.06738085124,0.00907200000000009
508.105622038072,0.00907600000000009
508.168356245008,0.00908000000000009
508.259798891588,0.0090840000000001
508.38028091553,0.0090880000000001
508.526861850193,0.0090920000000001
508.694197653781,0.0090960000000001
508.87548541531,0.0091000000000001
509.063379149474,0.0091040000000001
509.250814431764,0.0091080000000001
509.431692500901,0.0091120000000001
509.60137917472,0.0091160000000001
509.756988531028,0.0091200000000001
509.897447390029,0.0091240000000001
510.023364242268,0.0091280000000001
510.136745435011,0.0091320000000001
510.240608843086,0.0091360000000001
510.338545905954,0.0091400000000001
510.434280609103,0.0091440000000001
510.531270270228,0.0091480000000001
510.632386587835,0.0091520000000001
510.739701349365,0.00915600000000011
510.854385545027,0.00916000000000011
510.976716699351,0.00916400000000011
511.106174549871,0.00916800000000011
511.241599464476,0.00917200000000011
511.381387330538,0.00917600000000011
511.523697101794,0.00918000000000011
511.666650810384,0.00918400000000011
511.808509698964,0.00918800000000011
511.947814130323,0.00919200000000011
512.083479324032,0.00919600000000011
512.214843749473,0.00920000000000011
512.341671866507,0.00920400000000011
512.464117162274,0.00920800000000011
512.582654621909,0.00921200000000011
512.697993546899,0.00921600000000011
512.810981930241,0.00922000000000011
512.922512710851,0.00922400000000011
513.033440208479,0.00922800000000011
513.144512850582,0.00923200000000012
513.256325027329,0.00923600000000012
513.369289575126,0.00924000000000012
513.483629286941,0.00924400000000012
513.599384671342,0.00924800000000012
513.71643425138,0.00925200000000012
513.834523463476,0.00925600000000012
513.953298449175,0.00926000000000012
514.072341310909,0.00926400000000012
514.19120404604,0.00926800000000012
514.309439053278,0.00927200000000012
514.42662460364,0.00927600000000012
514.542384302783,0.00928000000000012
514.656400115421,0.00928400000000012
514.768419039897,0.00928800000000012
514.878253874355,0.00929200000000012
514.985778826166,0.00929600000000012
515.090921166171,0.00930000000000012
515.193650027917,0.00930400000000012
515.293963607663,0.00930800000000013
515.391875955732,0.00931200000000013
515.487403664122,0.00931600000000013
515.580553815156,0.00932000000000013
515.671313775524,0.00932400000000013
515.759643146239,0.00932800000000013
515.845467619067,0.00933200000000013
515.928673802443,0.00933600000000013
516.009106432976,0.00934000000000013
516.086567347978,0.00934400000000013
516.160815443311,0.00934800000000013
516.231570482804,0.00935200000000013
516.298517358962,0.00935600000000013
516.361308646122,0.00936000000000013
516.419573285324,0.00936400000000013
516.472932006023,0.00936800000000013
516.521020351167,0.00937200000000013
516.563521768349,0.00937600000000013
516.600215873198,0.00938000000000013
516.631048149421,0.00938400000000014
516.656215951205,0.00938800000000014
516.676249631028,0.00939200000000014
516.692096157132,0.00939600000000014
516.70520446603,0.00940000000000014
516.717576872736,0.00940400000000014
516.731753710541,0.00940800000000014
516.750705800774,0.00941200000000014
516.777626464763,0.00941600000000014
516.815640584359,0.00942000000000014
516.867498020588,0.00942400000000014
516.935257623335,0.00942800000000014
517.020012252101,0.00943200000000014
517.121780886091,0.00943600000000014
517.239529884026,0.00944000000000014
517.371291698336,0.00944400000000014
517.514350182375,0.00944800000000014
517.665464154947,0.00945200000000014
517.821105622255,0.00945600000000014
517.977693698257,0.00946000000000015
518.131809561654,0.00946400000000015
518.280381868489,0.00946800000000015
518.420836130543,0.00947200000000015
518.551205410092,0.00947600000000015
518.670202630798,0.00948000000000015
518.777256021286,0.00948400000000015
518.872508915273,0.00948800000000015
518.956784133044,0.00949200000000015
519.031512289638,0.00949600000000015
519.098624491839,0.00950000000000015
519.160411630806,0.00950400000000015
519.219358559267,0.00950800000000015
519.277968209544,0.00951200000000015
519.338588439486,0.00951600000000015
519.403257153029,0.00952000000000015
519.473576645855,0.00952400000000015
519.550634160317,0.00952800000000015
519.63496536817,0.00953200000000015
519.726556898888,0.00953600000000016
519.824883523981,0.00954000000000016
519.928974845816,0.00954400000000016
520.037504563422,0.00954800000000016
520.148895410391,0.00955200000000016
520.261431302836,0.00955600000000016
520.37336818779,0.00956000000000016
520.483036933082,0.00956400000000016
520.588930270986,0.00956800000000016
520.689773324763,0.00957200000000016
520.784575771873,0.00957600000000016
520.872661865218,0.00958000000000016
520.953684491059,0.00958400000000016
521.027626828317,0.00958800000000016
521.094790903937,0.00959200000000016
521.155779564468,0.00959600000000016
521.211471961001,0.00960000000000016
521.262994624688,0.00960400000000016
521.31168790437,0.00960800000000017
521.359066412126,0.00961200000000017
521.406768271208,0.00961600000000017
521.456491680973,0.00962000000000017
521.509917050593,0.00962400000000017
521.568614095571,0.00962800000000017
521.633938478599,0.00963200000000017
521.706930153121,0.00963600000000017
521.788217055313,0.00964000000000017
521.877947756116,0.00964400000000017
521.97576635275,0.00964800000000017
522.080832294223,0.00965200000000017
522.191883535711,0.00965600000000017
522.307335569166,0.00966000000000017
522.425404260498,0.00966400000000017
522.544110349315,0.00966800000000017
522.661718464203,0.00967200000000017
522.775964286867,0.00967600000000017
522.885660863474,0.00968000000000017
522.990023127433,0.00968400000000018
523.088600742314,0.00968800000000018
523.181326971098,0.00969200000000018
523.268471903216,0.00969600000000018
523.350563743342,0.00970000000000018
523.428345036975,0.00970400000000018
523.502732756809,0.00970800000000018
523.574745862887,0.00971200000000018
523.645404281128,0.00971600000000018
523.715628344641,0.00972000000000018
523.786163194689,0.00972400000000018
523.857534089135,0.00972800000000018
523.930033842663,0.00973200000000018
524.003737603448,0.00973600000000018
524.078476496398,0.00974000000000018
524.154040550183,0.00974400000000018
524.229855704153,0.00974800000000018
524.305701858841,0.00975200000000018
524.381523930327,0.00975600000000018
524.457356382229,0.00976000000000019
524.533321796833,0.00976400000000019
524.609594855428,0.00976800000000019
524.685985271324,0.00977200000000019
524.760777676792,0.00977600000000019
524.829358315843,0.00978000000000019
524.881857985066,0.00978400000000019
524.905744591623,0.00978800000000019
524.901916635513,0.00979200000000019
524.874193481049,0.00979600000000019
524.823646569905,0.00980000000000019
524.761041415361,0.00980400000000019
524.708698095117,0.00980800000000019
524.689083449962,0.00981200000000019
524.714581643261,0.00981600000000019
524.786185155598,0.00982000000000019
524.898281099799,0.00982400000000019
525.043626676357,0.00982800000000019
525.215647032555,0.00983200000000019
525.408570743658,0.0098360000000002
525.616866227737,0.0098400000000002
525.834891385152,0.0098440000000002
526.056862219268,0.0098480000000002
526.27694398557,0.0098520000000002
526.489329038959,0.0098560000000002
526.688315394432,0.0098600000000002
526.868471743788,0.0098640000000002
527.024944138193,0.0098680000000002
527.153876514216,0.0098720000000002
527.252820134715,0.0098760000000002
527.320978088432,0.0098800000000002
527.359176980331,0.0098840000000002
527.369538959134,0.0098880000000002
527.354905526327,0.0098920000000002
527.318141901946,0.0098960000000002
527.261449615333,0.0099000000000002
527.185779945684,0.0099040000000002
527.090402823075,0.0099080000000002
526.972599057613,0.00991200000000021
526.82748333837,0.00991600000000021
526.648009857546,0.00992000000000021
526.425404536343,0.00992400000000021
526.150633788149,0.00992800000000021
525.817848640808,0.00993200000000021
525.430135426263,0.00993600000000021
525.005341765152,0.00994000000000021
524.576441335088,0.00994400000000021
524.182439615218,0.00994800000000021
523.856100645019,0.00995200000000021
523.617786322373,0.00995600000000021
523.477801085256,0.00996000000000021
523.441952195806,0.00996400000000021
523.514246048172,0.00996800000000021
523.694935587944,0.00997200000000021
523.976907897019,0.00997600000000021
524.344670192759,0.00998000000000021
524.776874691522,0.00998400000000021
525.249771446123,0.00998800000000022
525.739372724105,0.00999200000000022
526.222358452336,0.00999600000000022
526.676636900282,0.0100000000000002
527.082210201616,0.0100040000000002
527.422585140809,0.0100080000000002
527.686360519296,0.0100120000000002
527.868180429555,0.0100160000000002
527.968637159672,0.0100200000000002
527.993359482798,0.0100240000000002
527.951771534926,0.0100280000000002
527.855811579904,0.0100320000000002
527.718690436999,0.0100360000000002
527.553781099687,0.0100400000000002
527.37376149046,0.0100440000000002
527.190038216862,0.0100480000000002
527.012370922284,0.0100520000000002
526.848556015173,0.0100560000000002
526.70420684482,0.0100600000000002
526.582812679048,0.0100640000000002
526.486145059542,0.0100680000000002
526.414827601228,0.0100720000000002
526.368836455768,0.0100760000000002
526.347107655567,0.0100800000000002
526.349229833107,0.0100840000000002
526.372014539097,0.0100880000000002
526.412907165052,0.0100920000000002
526.468385540315,0.0100960000000002
526.533621238458,0.0101000000000002
526.602545997348,0.0101040000000002
526.667906360454,0.0101080000000002
526.721445136204,0.0101120000000002
526.754124093219,0.0101160000000002
526.756297678791,0.0101200000000002
526.717914179385,0.0101240000000002
526.6289291031,0.0101280000000002
526.480090216458,0.0101320000000002
526.264203878434,0.0101360000000002
525.977930535818,0.0101400000000002
525.624212635715,0.0101440000000002
525.21643157388,0.0101480000000002
524.785066858963,0.0101520000000002
524.373756851615,0.0101560000000002
524.012444403961,0.0101600000000002
523.694888832606,0.0101640000000002
523.388933793009,0.0101680000000002
523.062117815525,0.0101720000000002
522.690962386116,0.0101760000000002
522.259951191675,0.0101800000000002
521.768436635587,0.0101840000000002
521.241273702604,0.0101880000000002
520.725970155184,0.0101920000000002
520.266472904787,0.0101960000000002
519.887568575175,0.0102000000000002
519.597242427859,0.0102040000000002
519.400306535948,0.0102080000000002
519.304262047218,0.0102120000000002
519.315387886202,0.0102160000000002
519.433004816905,0.0102200000000002
519.647588823908,0.0102240000000002
519.942799805054,0.0102280000000002
520.298804214289,0.0102320000000002
520.695071567362,0.0102360000000002
521.112182262198,0.0102400000000002
521.532820615653,0.0102440000000002
521.942288576151,0.0102480000000002
522.328851427434,0.0102520000000003
522.683957671528,0.0102560000000003
523.002169284175,0.0102600000000003
523.280431479991,0.0102640000000003
523.516812858127,0.0102680000000003
523.709262880259,0.0102720000000003
523.855042571854,0.0102760000000003
523.951049358341,0.0102800000000003
523.994680073323,0.0102840000000003
523.984703301751,0.0102880000000003
523.921870512257,0.0102920000000003
523.809301435759,0.0102960000000003
523.652761880604,0.0103000000000003
523.46081080383,0.0103040000000003
523.244582066421,0.0103080000000003
523.016954732521,0.0103120000000003
522.790966324384,0.0103160000000003
522.578145705537,0.0103200000000003
522.387375430544,0.0103240000000003
522.224585718815,0.0103280000000003
522.093123998227,0.0103320000000003
521.994330981513,0.0103360000000003
521.927946051144,0.0103400000000003
521.89224785575,0.0103440000000003
521.884065817933,0.0103480000000003
521.898677345634,0.0103520000000003
521.930354661772,0.0103560000000003
521.971381833488,0.0103600000000003
522.01407459607,0.0103640000000003
522.050467770246,0.0103680000000003
522.071959323972,0.0103720000000003
522.069057972951,0.0103760000000003
522.031286807392,0.0103800000000003
521.947146083286,0.0103840000000003
521.804324185628,0.0103880000000003
521.590639793587,0.0103920000000003
521.296382342032,0.0103960000000003
520.918548538979,0.0104000000000003
520.466612190431,0.0104040000000003
519.968443265956,0.0104080000000003
519.464607132338,0.0104120000000003
518.98787257188,0.0104160000000003
518.540013819167,0.0104200000000003
518.093650209998,0.0104240000000003
517.61256267824,0.0104280000000003
517.065257435106,0.0104320000000003
516.432000311275,0.0104360000000003
515.722082593316,0.0104400000000003
514.988444970949,0.0104440000000003
514.302614437942,0.0104480000000003
513.707844615497,0.0104520000000003
513.208954973426,0.0104560000000003
512.800155273907,0.0104600000000003
512.485633448469,0.0104640000000003
512.276175291758,0.0104680000000003
512.178879925824,0.0104720000000003
512.194477084685,0.0104760000000003
512.320575772639,0.0104800000000003
512.554276357244,0.0104840000000003
512.891501280396,0.0104880000000003
513.324430762603,0.0104920000000003
513.839041155082,0.0104960000000003
514.414051437709,0.0105000000000003
515.02217969252,0.0105040000000003
515.633698822845,0.0105080000000003
516.220765078855,0.0105120000000003
516.760601138346,0.0105160000000003
517.236886690916,0.0105200000000003
517.639849551963,0.0105240000000003
517.965441725435,0.0105280000000003
518.213713747477,0.0105320000000003
518.386847351928,0.0105360000000003
518.487337271401,0.0105400000000003
518.516840400415,0.0105440000000003
518.47621696935,0.0105480000000003
518.366724359845,0.0105520000000003
518.19154519338,0.0105560000000003
517.956798709876,0.0105600000000003
517.671744526612,0.0105640000000003
517.348177730145,0.0105680000000003
516.998913429452,0.0105720000000003
516.635151641276,0.0105760000000003
516.263620012708,0.0105800000000003
515.884942519742,0.0105840000000003
515.491648446674,0.0105880000000003
515.075903966093,0.0105920000000003
514.620728486065,0.0105960000000003
514.109607089273,0.0106000000000003
513.525465469621,0.0106040000000003
512.860766722741,0.0106080000000003
512.135266719202,0.0106120000000003
511.400252722374,0.0106160000000003
510.709601641052,0.0106200000000003
510.081975612779,0.0106240000000003
509.493008445308,0.0106280000000003
508.896742111739,0.0106320000000003
508.25063521873,0.0106360000000003
507.533902204706,0.0106400000000003
506.76475484724,0.0106440000000003
505.998392097074,0.0106480000000003
505.302694827772,0.0106520000000003
504.725647260665,0.0106560000000003
504.280674144402,0.0106600000000003
503.946052019062,0.0106640000000003
503.677494094519,0.0106680000000003
503.432640122881,0.0106720000000003
503.189193279922,0.0106760000000003
502.946986047911,0.0106800000000003
502.723745366473,0.0106840000000003
502.546766130287,0.0106880000000003
502.4373706729,0.0106920000000003
502.401792236852,0.0106960000000003
502.433440911689,0.0107000000000003
502.521647333912,0.0107040000000003
502.656907320477,0.0107080000000003
502.831134410166,0.0107120000000003
503.036332071358,0.0107160000000003
503.264201291637,0.0107200000000003
503.506688593499,0.0107240000000003
503.756493915932,0.0107280000000003
504.00705939478,0.0107320000000003
504.252219342431,0.0107360000000003
504.485828201644,0.0107400000000003
504.701559478275,0.0107440000000003
504.892986159843,0.0107480000000003
505.053940565174,0.0107520000000003
505.179007871407,0.0107560000000003
505.263907268588,0.0107600000000003
505.305543103315,0.0107640000000003
505.301695295308,0.0107680000000003
505.250694671968,0.0107720000000003
505.152280989601,0.0107760000000003
505.011419214458,0.0107800000000003
504.840555973905,0.0107840000000003
504.65173705791,0.0107880000000003
504.450426369618,0.0107920000000003
504.239364569334,0.0107960000000003
504.010749536004,0.0108000000000003
503.762929466381,0.0108040000000003
503.497701781421,0.0108080000000003
503.217691128609,0.0108120000000003
502.923670825837,0.0108160000000003
502.612687978922,0.0108200000000003
502.276081763143,0.0108240000000003
501.896959986668,0.0108280000000003
501.45014714157,0.0108320000000003
500.91089525017,0.0108360000000003
500.274807771262,0.0108400000000003
499.572708726652,0.0108440000000003
498.864966637587,0.0108480000000003
498.199076687192,0.0108520000000003
497.585211702501,0.0108560000000003
497.011248506075,0.0108600000000003
496.440349389349,0.0108640000000003
495.863094366397,0.0108680000000003
495.281972240955,0.0108720000000003
494.692966502677,0.0108760000000003
494.091979039219,0.0108800000000003
493.491240591385,0.0108840000000003
492.921726834761,0.0108880000000003
492.416365709631,0.0108920000000003
491.987535765952,0.0108960000000003
491.627128063775,0.0109000000000003
491.320084259078,0.0109040000000003
491.055017762459,0.0109080000000003
490.825858332081,0.0109120000000003
490.628045192081,0.0109160000000003
490.45563366464,0.0109200000000003
490.301435862542,0.0109240000000003
490.1587570265,0.0109280000000003
490.022923528463,0.0109320000000003
489.89194453245,0.0109360000000003
489.76663975276,0.0109400000000003
489.650130096978,0.0109440000000003
489.547054658555,0.0109480000000003
489.462263928321,0.0109520000000003
489.399965783271,0.0109560000000003
489.363130818297,0.0109600000000003
489.353173977189,0.0109640000000003
489.369908374809,0.0109680000000003
489.411236193272,0.0109720000000003
489.474390628996,0.0109760000000003
489.55471162701,0.0109800000000003
489.648257670538,0.0109840000000003
489.750715594583,0.0109880000000003
489.857687332569,0.0109920000000003
489.965091291072,0.0109960000000003
490.069445763698,0.0110000000000003
490.167936155098,0.0110040000000004
490.258362655548,0.0110080000000004
490.339050053297,0.0110120000000004
490.408749596839,0.0110160000000004
490.466537380234,0.0110200000000004
490.511714894708,0.0110240000000004
490.543724184919,0.0110280000000004
490.56208902805,0.0110320000000004
490.566388064202,0.0110360000000004
490.556249488793,0.0110400000000004
490.531362448243,0.0110440000000004
490.491495574472,0.0110480000000004
490.436519733246,0.0110520000000004
490.366429060408,0.0110560000000004
490.281345249037,0.0110600000000004
490.181481231606,0.0110640000000004
490.067034211046,0.0110680000000004
489.937976653388,0.0110720000000004
489.793718507978,0.0110760000000004
489.632621143806,0.0110800000000004
489.451350407874,0.0110840000000004
489.243853650498,0.0110880000000004
489.001358700633,0.0110920000000004
488.709890282065,0.0110960000000004
488.351788857247,0.0111000000000004
487.907631476202,0.0111040000000004
487.364299579867,0.0111080000000004
486.72845564768,0.0111120000000004
486.034012826256,0.0111160000000004
485.32611429522,0.0111200000000004
484.630274356274,0.0111240000000004
483.932512122676,0.0111280000000004
483.186751567032,0.0111320000000004
482.340878960707,0.0111360000000004
481.370328166932,0.0111400000000004
480.309942377784,0.0111440000000004
479.245730808018,0.0111480000000004
478.253864645543,0.0111520000000004
477.343233776272,0.0111560000000004
476.45589625483,0.0111600000000004
475.518427491287,0.0111640000000004
474.499217843547,0.0111680000000004
473.436676542841,0.0111720000000004
472.426081834326,0.0111760000000004
471.546435005572,0.0111800000000004
470.796166619332,0.0111840000000004
470.116882208624,0.0111880000000004
469.436764040681,0.0111920000000004
468.730735179262,0.0111960000000004
468.050231915916,0.0112000000000004
467.444342566554,0.0112040000000004
466.960424876294,0.0112080000000004
466.625462108132,0.0112120000000004
466.438263437985,0.0112160000000004
466.386685887159,0.0112200000000004
466.46195519178,0.0112240000000004
466.678119210761,0.0112280000000004
467.0363791499,0.0112320000000004
467.511270704586,0.0112360000000004
468.084864648407,0.0112400000000004
468.718037888387,0.0112440000000004
469.376653605754,0.0112480000000004
470.035492741599,0.0112520000000004
470.674649456368,0.0112560000000004
471.283082377436,0.0112600000000004
471.861025617038,0.0112640000000004
472.415441396918,0.0112680000000004
472.95395399873,0.0112720000000004
473.481965383763,0.0112760000000004
474.001280047904,0.0112800000000004
474.509446802594,0.0112840000000004
475.000130755336,0.0112880000000004
475.46437141515,0.0112920000000004
475.892161435944,0.0112960000000004
476.273799080131,0.0113000000000004
476.60069837394,0.0113040000000004
476.865690722438,0.0113080000000004
477.063116100185,0.0113120000000004
477.188914869695,0.0113160000000004
477.240790418617,0.0113200000000004
477.218337799219,0.0113240000000004
477.122935272806,0.0113280000000004
476.95719003694,0.0113320000000004
476.723761942703,0.0113360000000004
476.423460067077,0.0113400000000004
476.052691420047,0.0113440000000004
475.600464010022,0.0113480000000004
475.045958233916,0.0113520000000004
474.35966150031,0.0113560000000004
473.514954497462,0.0113600000000004
472.514716941599,0.0113640000000004
471.410721314336,0.0113680000000004
470.275601713218,0.0113720000000004
469.140297718965,0.0113760000000004
467.957907888677,0.0113800000000004
466.644317402097,0.0113840000000004
465.188510570878,0.0113880000000004
463.677589068453,0.0113920000000004
462.163972020655,0.0113960000000004
460.59109793325,0.0114000000000004
458.943498730895,0.0114040000000004
457.336874603034,0.0114080000000004
455.793919564288,0.0114120000000004
454.173224436192,0.0114160000000004
452.473563819041,0.0114200000000004
450.867416805193,0.0114240000000004
449.383218446747,0.0114280000000004
447.897635390095,0.0114320000000004
446.427465030333,0.0114360000000004
445.064999356887,0.0114400000000004
443.771210098704,0.0114440000000004
442.472343963349,0.0114480000000004
441.248435139869,0.0114520000000004
440.210825927031,0.0114560000000004
439.336035429368,0.0114600000000004
438.521137556043,0.0114640000000004
437.766636288792,0.0114680000000004
437.191692615521,0.0114720000000004
436.887255033059,0.0114760000000004
436.825287534859,0.0114800000000004
436.958003889483,0.0114840000000004
437.253271248786,0.0114880000000004
437.689497297705,0.0114920000000004
438.263514244725,0.0114960000000004
438.945310262705,0.0115000000000004
439.70702997399,0.0115040000000004
440.542703560846,0.0115080000000004
441.406056709444,0.0115120000000004
442.257962487946,0.0115160000000004
443.08837013779,0.0115200000000004
443.873671635707,0.0115240000000004
444.593121421758,0.0115280000000004
445.243000498364,0.0115320000000004
445.833517836773,0.0115360000000004
446.40192677232,0.0115400000000004
446.953484918954,0.0115440000000004
447.482200449902,0.0115480000000004
447.963205743731,0.0115520000000004
448.351132516992,0.0115560000000004
448.661008475582,0.0115600000000004
448.978250705366,0.0115640000000004
449.265426314794,0.0115680000000004
449.478710460661,0.0115720000000004
449.589026455778,0.0115760000000004
449.579879860745,0.0115800000000004
449.473069095834,0.0115840000000004
449.245993145605,0.0115880000000004
448.872047351456,0.0115920000000004
448.319269735386,0.0115960000000004
447.556407503055,0.0116000000000004
446.60015988457,0.0116040000000004
445.517230451589,0.0116080000000004
444.407825348319,0.0116120000000004
443.314389046448,0.0116160000000004
442.144259612071,0.0116200000000004
440.765567504635,0.0116240000000004
439.145015973573,0.0116280000000004
437.380877871472,0.0116320000000004
435.545287050962,0.0116360000000004
433.607500395893,0.0116400000000004
431.639200315421,0.0116440000000004
429.657825659724,0.0116480000000004
427.523219702886,0.0116520000000004
425.308757941998,0.0116560000000004
423.097452717962,0.0116600000000004
420.964624850049,0.0116640000000004
418.950047901913,0.0116680000000004
416.949281105903,0.0116720000000004
414.882760475214,0.0116760000000004
412.83764432965,0.0116800000000004
410.821679456061,0.0116840000000004
408.927265315692,0.0116880000000004
407.204096063355,0.0116920000000004
405.523637762453,0.0116960000000004
403.905244161658,0.0117000000000004
402.403291409967,0.0117040000000004
400.967824712388,0.0117080000000004
399.627724322031,0.0117120000000004
398.418749132439,0.0117160000000004
397.318139786776,0.0117200000000004
396.275011982452,0.0117240000000004
395.336151679831,0.0117280000000004
394.549798083606,0.0117320000000004
393.907146342894,0.0117360000000004
393.399893930399,0.0117400000000004
392.989794219494,0.0117440000000004
392.704937277729,0.0117480000000004
392.570718638885,0.0117520000000004
392.621523113562,0.0117560000000005
392.759937564256,0.0117600000000005
392.901876987113,0.0117640000000005
393.143448372104,0.0117680000000005
393.524185213747,0.0117720000000005
394.022669693173,0.0117760000000005
394.585420286675,0.0117800000000005
395.21004469965,0.0117840000000005
395.901899473422,0.0117880000000005
396.613956274354,0.0117920000000005
397.248927504439,0.0117960000000005
397.78314003593,0.0118000000000005
398.252945591037,0.0118040000000005
398.73648558179,0.0118080000000005
399.242561200133,0.0118120000000005
399.699734358448,0.0118160000000005
400.063285886806,0.0118200000000005
400.329905672928,0.0118240000000005
400.50456255896,0.0118280000000005
400.58492408893,0.0118320000000005
400.526164821184,0.0118360000000005
400.311989444853,0.0118400000000005
400.003547986012,0.0118440000000005
399.655410388664,0.0118480000000005
399.246956191689,0.0118520000000005
398.835848379061,0.0118560000000005
398.333738765821,0.0118600000000005
397.673966566315,0.0118640000000005
396.830873946794,0.0118680000000005
395.803823291399,0.0118720000000005
394.63815852044,0.0118760000000005
393.334287118704,0.0118800000000005
391.836036811133,0.0118840000000005
390.120062830463,0.0118880000000005
388.326832352509,0.0118920000000005
386.506999412419,0.0118960000000005
384.573512726424,0.0119000000000005
382.570322139502,0.0119040000000005
380.479079523642,0.0119080000000005
378.258736788802,0.0119120000000005
375.948054878758,0.0119160000000005
373.561628638712,0.0119200000000005
371.235887453905,0.0119240000000005
368.853612255329,0.0119280000000005
366.480981436427,0.0119320000000005
364.110293453703,0.0119360000000005
361.786193708119,0.0119400000000005
359.548167657994,0.0119440000000005
357.387001222336,0.0119480000000005
355.262738213055,0.0119520000000005
353.128980245426,0.0119560000000005
350.977453463663,0.0119600000000005
348.784356582297,0.0119640000000005
346.627652677553,0.0119680000000005
344.574501102428,0.0119720000000005
342.553629606678,0.0119760000000005
340.56006679142,0.0119800000000005
338.615217683928,0.0119840000000005
336.704050634426,0.0119880000000005
334.786505553126,0.0119920000000005
332.867310697387,0.0119960000000005
330.971491920952,0.0120000000000005
329.135202048626,0.0120040000000005
327.389567386144,0.0120080000000005
325.687368348825,0.0120120000000005
323.983786638176,0.0120160000000005
322.303758741668,0.0120200000000005
320.628743329034,0.0120240000000005
319.021683355521,0.0120280000000005
317.519493183161,0.0120320000000005
316.04764413213,0.0120360000000005
314.590283089039,0.0120400000000005
313.212420828384,0.0120440000000005
311.896143502083,0.0120480000000005
310.650924289153,0.0120520000000005
309.538859698111,0.0120560000000005
308.556327163683,0.0120600000000005
307.626917624235,0.0120640000000005
306.748434262507,0.0120680000000005
305.86904612668,0.0120720000000005
304.923587036589,0.0120760000000005
303.93213499122,0.0120800000000005
302.972188717973,0.0120840000000005
302.138379876712,0.0120880000000005
301.457821284095,0.0120920000000005
300.880391595644,0.0120960000000005
300.371907748355,0.0121000000000005
299.912551173116,0.0121040000000005
299.477277103415,0.0121080000000005
299.066753443341,0.0121120000000005
298.737072725154,0.0121160000000005
298.515439575368,0.0121200000000005
298.369481707495,0.0121240000000005
298.272565267276,0.0121280000000005
298.181557707678,0.0121320000000005
298.044999426558,0.0121360000000005
297.776559946095,0.0121400000000005
297.31156500335,0.0121440000000005
296.720388076788,0.0121480000000005
296.123721156652,0.0121520000000005
295.578265804828,0.0121560000000005
295.045000515767,0.0121600000000005
294.465782150709,0.0121640000000005
293.813284065845,0.0121680000000005
293.07708120412,0.0121720000000005
292.23548498937,0.0121760000000005
291.294052463718,0.0121800000000005
290.274477825041,0.0121840000000005
289.145200736151,0.0121880000000005
287.877157949775,0.0121920000000005
286.461698831847,0.0121960000000005
284.897491820686,0.0122000000000005
283.176904577621,0.0122040000000005
281.242852826034,0.0122080000000005
279.067373776568,0.0122120000000005
276.701865810483,0.0122160000000005
274.18151216841,0.0122200000000005
271.480098711787,0.0122240000000005
268.577956343774,0.0122280000000005
265.449064622164,0.0122320000000005
262.124198393102,0.0122360000000005
258.64705279246,0.0122400000000005
255.030844375047,0.0122440000000005
251.278485788655,0.0122480000000005
247.31561946442,0.0122520000000005
243.13717812431,0.0122560000000005
238.710779246535,0.0122600000000005
233.856034442216,0.0122640000000005
228.550053343876,0.0122680000000005
222.587158206994,0.0122720000000005
215.524194570871,0.0122760000000005
206.583220420721,0.0122800000000005
193.977478632045,0.0122840000000005
172.873240134114,0.0122880000000005
123.284799650216,0.0122920000000005
26.8545000810649,0.0122960000000005
30.9866530079573,0.0123000000000005
26.8990217240754,0.0123040000000005
18.2586070124725,0.0123080000000005
20.4191340630255,0.0123120000000005
18.3077397519118,0.0123160000000005
17.6028746216363,0.0123200000000005
17.2746404868071,0.0123240000000005
17.5020896203779,0.0123280000000005
17.5146370704279,0.0123320000000005
17.3146852252566,0.0123360000000005
17.3284573446695,0.0123400000000005
17.2999989965272,0.0123440000000005
17.1501521211079,0.0123480000000005
17.0779576114686,0.0123520000000005
17.1402152378518,0.0123560000000005
17.0516135973983,0.0123600000000005
17.0234214766316,0.0123640000000005
