1
0.0452158978005908
0.0144489263640102
0.0105502333134367
0.0100111426410621
0.00959907642737192
0.0092098659230762
0.00883334535963799
0.00847007263688687
0.00812116283178227
0.00778676649310978
0.00746643622541282
0.0071595257515674
0.0068653819339976
0.00658340338419329
0.00631304707170698
0.00605381992090753
0.00580526505427448
0.00556694820792182
0.00533844947265474
0.00511936143878312
0.00490929106295077
0.004707861901838
0.00451471485149836
0.00432950732596683
0.00415191175241069
0.00398161422384227
0.00381831364226733
0.00366172124587585
0.00351156026647408
0.00336756553998268
0.0032294830289999
0.00309706930444889
0.00297009104429773
0.00284832457992733
0.00273155548790231
0.00261957821121139
0.0025121956957391
0.00240921903619382
0.00231046713281779
0.00221576636177236
0.00212495026120561
0.00203785923229407
0.00195434025440275
0.0018742466122336
0.00179743763443871
0.0017237784427569
0.00165313971178394
0.00158539743893235
0.00152043272406956
0.00145813155852276
0.00139838462298635
0.00134108709383913
0.00128613845748428
0.0012334423324529
0.00118290629890856
0.00113444173529979
0.00108796366166058
0.00104339058965406
0.00100064437852467
0.000959650097375412
