1
0.0500514540939959
0.0445637072715372
0.0148736564575331
0.0131518250484093
0.0121541694614997
0.0109577699743363
0.0101795492705049
0.00956232881228563
0.00895280853268898
0.00840581847085045
0.00792235678414515
0.0074684108452634
0.00703235913813803
0.00661616417834461
0.00622168983653745
0.00584956257439404
0.00549961939275955
0.00517070016271843
0.00486115778213037
0.00456953282218441
0.00429474084102246
0.00403593516843101
0.0037923458237769
0.00356320107017391
0.00334771795363595
0.00314512211309822
0.00295467017222965
0.00277566051820157
0.00260743305055608
0.0024493642771328
0.00230086274561775
0.00216136650910602
0.00203034218978913
0.00190728461937675
0.00179171633087817
0.0016831866735325
0.00158127064890504
0.00148556765236764
0.0013957002466451
0.0013113130082544
0.00123207143456373
0.00115766088755715
0.00108778555813402
0.0010221674522069
0.000960545405296323
