1
0.0574758308440917
0.0127488907497756
0.0101103862053751
0.00951130435092752
0.00915161087749206
0.00881358853575712
0.0084885150814753
0.00817735891258474
0.00787918936036202
0.00759258755850722
0.00731662600852466
0.00705081627759371
0.00679483383649373
0.00654836191573469
0.0063110588156529
0.00608257310792617
0.0058625608843626
0.00565069353923445
0.00544665873281451
0.00525015873367868
0.00506090845919246
0.00487863404583392
0.00470307206263853
0.00453396916117413
0.00437108187516583
0.00421417636813568
0.00406302807188565
0.00391742126088653
0.00377714863178823
0.00364201092686275
0.00351181660394036
0.00338638153216118
0.00326552869890771
0.00314908792275367
0.00303689557379797
0.00292879430457496
0.0028246327941721
0.00272426550577852
0.00262755245571576
0.00253435899179611
0.00244455558095676
0.00235801760548139
0.00227462516798561
0.00219426290472997
0.00211681980694631
0.00204218904972981
0.00197026782807363
0.00190095719978709
0.00183416193483202
0.00176979037091071
0.00170775427508107
0.00164796871105985
0.00159035191186681
0.0015348251577507
0.00148131265902819
0.00142974144371467
0.00138004124961609
0.00133214442077135
0.00128598580808222
0.00124150267387085
0.00119863460018249
0.0011573234008533
0.00111751303681266
0.00107914953500896
0.00104218091023171
0.00100655709010969
0.00097222984303603
