1
0.0175287105632577
0.0100824724656288
0.00948934248889838
0.0091291046810214
0.00878404420181507
0.00845097944949232
0.00813014812268402
0.00782150014410404
0.00752468077713909
0.00723925062893196
0.0069647612896651
0.00670077597977162
0.00644687683078848
0.00620266620226336
0.00596776522045845
0.00574181189075574
0.00552445962479305
0.00531537614863411
0.00511424263233139
0.00492075297871568
0.0047346132440109
0.00455554114225824
0.00438326557897531
0.00421752618415681
0.0040580728457872
0.00390466525927262
0.00375707250529522
0.0036150726574868
0.00347845241469896
0.00334700675163719
0.00322053858361814
0.00309885844528662
0.00298178418281263
0.00286914065890764
0.00276075947887089
0.00265647872547203
0.00255614267581055
0.00245960158354416
0.00236671144047228
0.00227733374970993
0.00219133530916478
0.00210858800501122
0.00202896861267735
0.00195235860758706
0.00187864398307536
0.00180771507548314
0.00173946639636232
0.00167379647136715
0.00161060768561877
0.0015498061352081
0.0014913014846955
0.00143500683000068
0.00138083856697151
0.00132871626485027
0.00127856254495995
0.00123030296384285
0.00118386590124538
0.00113918245225518
0.00109618632368545
0.00105481373454448
0.00101500332018911
0.000976696040461442
