1
0.0354319802177254
0.0130851822609988
0.00272987732577214
0.00161065415712765
0.00156596803592537
0.00153171067293194
0.00150582895616869
0.00148141687442554
0.00145750632124401
0.00143407921081204
0.00141110497460417
0.00138857453626909
0.00136648391205563
0.00134482138449678
0.00132357119126072
0.00130271861035389
0.00128225133908111
0.00126215897298991
0.00124243217739458
0.00122306205517929
0.00120403985602058
0.00118535698723587
0.0011670051508911
0.00114897643840903
0.00113126332570206
0.00111385860882802
0.00109675534086018
0.00107994679954314
0.00106342647961062
0.00104718809186196
0.00103122555769064
0.00101553299784087
0.0010001047193078
0.000984935203943489
