1
0.050337086171303
0.0443906119407686
0.0162077992269253
0.0139549470393699
0.0127985238517631
0.0121711587512125
0.011711234708153
0.011238864840341
0.0107862482826482
0.0103731654473877
0.00998553900747161
0.00961764716278826
0.0092677516083795
0.00893228632950623
0.00860957738726328
0.00829990258358121
0.00800334495476009
0.00771930267537058
0.00744691780766355
0.00718537268109302
0.00693401371344316
0.00669236053304927
0.00646002658286571
0.00623664044006738
0.00602182015194068
0.00581518458440916
0.00561637118927649
0.00542504487434478
0.00524089641509093
0.00506363591700248
0.00489298709562682
0.00472868462844455
0.00457047397932143
0.00441811169548152
0.00427136545651429
0.00413001342900854
0.00399384338950333
0.00386265193167824
0.00373624389737017
0.00361443199811379
0.0034970365160569
0.00338388500592148
0.00327481197941834
0.00316965858949199
0.00306827233526445
0.00297050679553112
0.00287622138640019
0.00278528113453426
0.00269755645975119
0.00261292296484359
0.00253126123294945
0.00245245663322349
0.00237639913482303
0.00230298312854307
0.00223210725469459
0.00216367423982054
0.00209759073557258
0.0020337671605259
0.00197211755544324
0.00191255943949414
0.00185501367127299
0.00179940431481717
0.00174565851054556
0.00169370635084718
0.00164348076007821
0.00159491737942207
0.00154795445544182
0.00150253273241387
0.00145859534929264
0.00141608774072133
0.00137495754162408
0.00133515449544586
0.00129663036599685
0.00125933885281033
0.00122323550987611
0.00118827766764439
0.00115442435818358
0.00112163624342471
0.00108987554632554
0.0010591059849201
0.00102929270910972
0.00100040224011246
0.000972402412461099
