1
0.0146123806560647
0.00961572483985651
0.00896837677384129
0.00854763691816761
0.00815830865713024
0.00779033000244998
0.00744075480318309
0.00710811066317229
0.00679143345181958
0.00648997592436708
0.006203061922099
0.00593001383779154
0.00567013626120262
0.00542273178069034
0.00518712438976569
0.00496267550744544
0.00474878904722081
0.00454490906048434
0.00435051485727275
0.00416511664112693
0.00398825251934303
0.00381948658108695
0.00365840749182337
0.00350462722720184
0.00335777978937032
0.003217519924156
0.00308352179413239
0.00295547772220541
0.00283309702999728
0.00271610496449156
0.00260424171103795
0.00249726148342355
0.00239493167908531
0.00229703208885922
0.0022033541556634
0.00211370027955893
0.00202788316774794
0.00194572522777341
0.00186705800163934
0.00179172163720312
0.00171956439401004
0.00165044218062499
0.00158421812129694
0.00152076214989101
0.00145995062933894
0.00140166599499033
0.00134579642012476
0.00129223550210302
0.0012408819679273
0.00119163939751267
0.00114441596383911
0.00109912418870076
0.00105568071298758
0.00101400608056881
0.000974024535022423
