1
0.0135923521186065
0.00928104830314937
0.0088131059716957
0.00839120201371372
0.00798925069025617
0.00760574629911715
0.00724034541579673
0.00689258939331371
0.0065617358129942
0.00624692555163974
0.00594731843990874
0.0056621388816245
0.00539067335018881
0.00513225673885177
0.00488626150468316
0.00465209107495425
0.00442917628456234
0.0042169737954894
0.00401496558088757
0.00382265862110916
0.00363958426151542
0.00346529711980003
0.00329937374534806
0.00314141129887894
0.0029910264061951
0.00284785419436309
0.00271154743862896
0.00258177574966476
0.00245822476907762
0.00234059537721915
0.00222860293101111
0.00212197654438767
0.00202045841313241
0.00192380317907281
0.0018317773268383
0.00174415860889606
0.0016607354971317
0.0015813066604737
0.00150568046855467
0.00143367452023723
0.00136511519584699
0.00129983723160745
0.00123768331495012
0.00117850369945375
0.00112215583869371
0.00106850403793576
0.0010174191228939
0.000968778124762971
