1
0.0468367608562641
0.0450817658418607
0.0236065495089175
0.0211576952938068
0.0185871393749314
0.0158432572946435
0.0133208077769706
0.0112312401774374
0.00958256611953097
0.00828314847933101
0.00722726627892237
0.00633583965050875
0.00556251080742223
0.00488369860792824
0.00428698847520106
0.00376375059880608
0.00330607323166018
0.002906158169578
0.00255658625445181
0.00225064757706613
0.00198249534680673
0.00174713468253713
0.0015403218048222
0.00135843798272418
0.0011983743391107
0.00105744020647173
0.000933294282592777
