1
0.0507952593272576
0.0447756387957827
0.0160299641996433
0.0138463485083459
0.0126343499534706
0.0119249860083081
0.0114432497313938
0.0109484985739624
0.0104631863860382
0.0100198630072724
0.0096041046407983
0.00920824395103908
0.00883160516172952
0.00847062593584292
0.00812283269031906
0.00778848445366901
0.00746810999113122
0.00716139828385558
0.00686758416706073
0.0065858430304411
0.00631546738167522
0.00605593130807066
0.00580683725711725
0.00556782049927212
0.00533849899147906
0.00511847533308895
0.00490735767286229
0.00470477588267533
0.00451038586815919
0.00432386506687517
0.00414490581280064
0.00397321114749247
0.00380849382521847
0.00365047697668537
0.00349889483072345
0.003353492604168
0.00321402586863824
0.00308025975195081
0.00295196828714179
0.00282893399481453
0.00271094761307721
0.00259780785970984
0.0024893211655445
0.0023853013785243
0.00228556947905675
0.00218995327583081
0.00209828716607066
0.00201041190430214
0.00192617437872489
0.00184542739308488
0.00176802945396486
0.00169384456449543
0.00162274202542906
0.00155459624369663
0.00148928654784876
0.00142669700961139
0.00136671627102236
0.00130923737650906
0.00125415761242903
0.00120137834854653
0.00115080488504555
0.00110234630661812
0.00105591534051396
0.00101142821887022
0.000968804545839465
