1
0.0513859863504534
0.0455534104481509
0.0159149599724342
0.0141913506959405
0.0129785784197937
0.0119920169829852
0.0114221643422428
0.0109027972214058
0.0103768604244656
0.00990129140781043
0.00947063661126193
0.00906976821344673
0.00869592173856558
0.00834562674650214
0.00801406729634403
0.00769912859278654
0.0074007216528132
0.00711870890760922
0.00685227728315272
0.00660022318511023
0.00636129093085716
0.006134373900396
0.00591859822585299
0.00571327740974455
0.00551781939149166
0.00533166036713552
0.00515424547938596
0.00498504018146117
0.00482354490028184
0.00466930356394324
0.00452190271848923
0.00438096426280092
0.00424613782139198
0.004117095793363
0.00399353119569903
0.00387515692990696
0.00376170514813494
0.00365292613281255
0.0035485867648367
0.00344846891898355
0.00335236805531522
0.00326009206661189
0.00317146043282965
0.00308630343116728
0.00300446120757389
0.00292578314341857
0.00285012722354659
0.00277735940939161
0.00270735306320911
0.00263998843179115
0.00257515218088247
0.00251273696985428
0.0024526410595453
0.00239476794952407
0.00233902604285947
0.00228532833685985
0.00223359213794739
0.00218373879854958
0.00213569347385875
0.00208938489655871
0.00204474516789986
0.00200170956373954
0.0019602163543718
0.00192020663702546
0.0018816241800015
0.00184441527751426
0.00180852860475922
0.00177391516938148
0.0017405279902658
0.00170832214617176
0.00167725467622778
0.00164728446891833
0.00161837216597335
0.00159048007231422
0.00156357207365184
0.00153761356078558
0.00151257135919557
0.00148841366298527
0.00146510997255622
0.00144263103570713
0.00142094879193871
0.00140003631983218
0.00137986778733905
0.00136041840481363
0.00134166438058543
0.00132358287889183
0.00130615198001753
0.00128935064248752
0.00127315866719127
0.00125755666331916
0.00124252601600221
0.00122804885554882
0.00121410802819079
0.00120068706823546
0.00118777017155582
0.00117534217032617
0.00116338850895493
0.0011518952211231
0.00114084890788772
0.00113023671678231
0.00112004632187541
0.00111026590471175
0.00110088413612024
0.00109189015883019
0.00108327357085779
0.00107502440962713
0.00106713313680379
0.0010595906237714
0.00105238813778064
0.00104551732868562
0.00103897021627762
0.0010327391781719
0.00102681693824969
0.00102119655559495
0.00101587141395243
0.00101083521163989
0.00100608195195604
0.00100160593399512
0.000997401743924764
