1
0.0314113545101489
0.0125199986137385
0.00955782442395926
0.00882317519519283
0.00838522121178091
0.00802418662223872
0.00769713254722137
0.00738339912886171
0.00707988791148163
0.00678771368135437
0.00650748515897104
0.00623901568844322
0.00598180659651777
0.00573532600808706
0.00549908509253318
0.00527263770156973
0.00505556805941399
0.00484748299405932
0.00464800781758768
0.00445678369793408
0.00427346612780465
0.00409772440913736
0.00392924164476728
0.0037677146445245
0.0036128534815863
0.00346438078871678
0.00332203101563759
0.00318554979650968
0.00305469344675342
0.0029292285344221
0.00280893146928623
0.00269358808666609
0.00258299323114733
0.00247695035472666
0.00237527113842091
0.00227777513767877
0.00218428944703972
0.00209464837996259
0.00200869316155386
0.00192627163373149
0.00184723797324839
0.00177145242273612
0.00169878103376856
0.00162909542168099
0.00156227253085079
0.00149819441052623
0.00143674800011259
0.00137782492021509
0.00132132128224041
0.00126713749779718
0.00121517809864716
0.00116535156415813
0.00111757015657283
0.00107174976296176
0.00102780974423247
0.000985672790391439
