1
0.0485174446670025
0.0427565674514529
0.0158831269899734
0.013815791082524
0.0127518191786681
0.0121593680864606
0.0116434434282209
0.0111264567716106
0.010645092788277
0.0101967317693855
0.00976867652461309
0.00935914747824272
0.00896710786558969
0.00859070457862857
0.00822973380754595
0.00788450173782211
0.00755469241203451
0.00723956745468195
0.00693831950971369
0.00665022147722084
0.00637467192311864
0.00611115632539862
0.00585917981471604
0.00561823648118872
0.00538781721180529
0.00516742805028619
0.00495660149309889
0.00475489777536327
0.00456190055910935
0.00437721247014956
0.0042004530342001
0.00403125856823929
0.00386928252151956
0.00371419535856941
0.00356568384318707
0.00342345004491647
0.00328721039133772
0.00315669489534168
0.00303164651906157
0.00291182058696233
0.00279698419519686
0.00268691561313127
0.00258140370396956
0.00248024736401014
0.00238325501420398
0.00229024411878128
0.00220104073017976
0.00211547905631357
0.00203340104919069
0.00195465601513991
0.0018791002463684
0.00180659667258324
0.00173701453186421
0.00167022905919493
0.00160612119147571
0.00154457728803391
0.00148548886580249
0.0014287523484354
0.00137426882854152
0.00132194384230848
0.00127168715577093
0.00122341256206117
0.00117703768903874
0.00113248381672006
0.00108967570398637
0.00104854142404902
0.00100901220819936
0.000971022297407714
