1
0.00964681890901309
0.00873397600723239
0.00815624126571504
0.00761608545006163
0.00711153514753021
0.00664035141581934
0.00620035530178236
0.00578948186929741
0.00540579763217017
0.00504750289900796
0.00471292154756793
0.00440048874192779
0.00410874156251079
0.00383631246034004
0.00358192387009424
0.00334438286624375
0.00312257565448627
0.00291546215111655
0.00272207091276712
0.00254149451164227
0.00237288531445383
0.00221545157950534
0.00206845380654949
0.00193120130913896
0.00180304899990893
0.00168339438495913
0.00157167475850247
0.0014673645847776
0.0013699730535549
0.00127904179515265
0.00119414274481471
0.00111487614618139
0.00104086868540123
0.000971771747750349
