1
0.0496210665757087
0.0444177127470962
0.0149745765966427
0.0130938221083679
0.01211255241461
0.0108006269446637
0.00986388372481199
0.00914748566800096
0.00847041765574326
0.00786911234888433
0.00734780153214381
0.00686846491607315
0.00641346813920827
0.00598366789266526
0.00558163937681471
0.00520781911760038
0.00486116927190185
0.00453956167514377
0.00424046092325193
0.00396166842547611
0.00370154205416562
0.00345881720253508
0.0032323859670521
0.00302118372743596
0.00282416783304532
0.00264033766704386
0.00246875836027732
0.00230857107007555
0.00215898942427167
0.00201928980779745
0.00188880185736043
0.00176690191304323
0.00165300908963697
0.00154658267448417
0.00144711982422034
0.00135415311985936
0.00126724798686188
0.0011860001574107
0.00111003332306221
0.0010389970307142
0.000972564801336728
