1
0.0510246871970733
0.0449758334848251
0.0157106730167461
0.0135341332233837
0.0122724886102719
0.0115144921774318
0.011024644467011
0.0105247760407645
0.0100271466209241
0.00957098526050792
0.00914531493780848
0.0087419187117497
0.00835960994050203
0.0079944042219423
0.00764313941501314
0.00730578749742471
0.00698307862207804
0.00667493199465308
0.00638063689367278
0.00609930646348548
0.00583013102774325
0.00557248834775054
0.00532591766702024
0.00509002036520375
0.00486438897878238
0.00464859439249615
0.00444220416147999
0.00424480296092057
0.00405600217968797
0.00387543846387103
0.00370276726393973
0.00353765735367284
0.00337978862467102
0.00322885231244259
0.00308455187171644
0.00294660333100162
0.0028147349055445
0.00268868621398534
0.00256820750769871
0.00245305911063902
0.00234301105078403
0.00223784277306001
0.0021373428443629
0.00204130862239975
0.00194954590429195
0.00186186858107207
0.00177809831712359
0.00169806424774829
0.00162160269324777
0.00154855688495767
0.00147877669722804
0.00141211838531682
0.00134844433125713
0.00128762279898626
0.00122952769872393
0.00117403835999542
0.00112103931261715
0.00107042007525198
0.00102207495134111
0.000975902832316704
