1
0.018893656709955
0.0104657522079196
0.00885265503069594
0.00831896461286416
0.00785775381040296
0.0074253399728771
0.00701922552255844
0.00663971660027238
0.0062853590126427
0.00595374369054167
0.00564258485525874
0.00535004153412135
0.00507465056021747
0.00481518557588193
0.00457055196850284
0.0043397355749467
0.00412178995258185
0.00391583962925511
0.00372108358740232
0.0035367931605596
0.00336230502916519
0.00319701236357849
0.00304035677294148
0.00289182220977082
0.00275093065567883
0.00261723885023901
0.00249033541649707
0.0023698380870894
0.00225539102688923
0.00214666236050368
0.0020433419868121
0.00194513968852614
0.00185178349065095
0.00176301820922777
0.0016786041452115
0.00159831589903368
0.00152194129510824
0.00144928040896914
0.00138014468937045
0.00131435616502434
0.00125174672512358
0.00119215746390172
0.00113543808148932
0.00108144633441362
0.00103004753115551
0.000981114067888375
