1
0.0498538941450319
0.0445195049070412
0.0150065380002577
0.0132569987009874
0.0123051752085108
0.011082139076103
0.0102549604352977
0.00961534683104108
0.00899464616225863
0.00843969061743484
0.00795505462985033
0.00750590398088929
0.00707759817571156
0.00667089260441749
0.00628736446226972
0.00592722801429383
0.0055898838107357
0.00527384176325666
0.004977162337835
0.00469809830679608
0.00443531330511406
0.00418776733601304
0.00395456028166081
0.0037348447606116
0.00352779979378796
0.00333263648548993
0.00314861174004289
0.00297503622212825
0.00281127386574908
0.00265673642079812
0.00251087704332329
0.0023731850664656
0.00224318237623828
0.00212042095524613
0.00200448098582597
0.00189496909797718
0.00179151659060925
0.00169377766676428
0.00160142774775265
0.00151416192908737
0.00143169359687926
0.00135375318814088
0.00128008706652269
0.00121045648844551
0.00114463664411621
0.00108241576600867
0.00102359430127153
0.000967984145022112
