1
0.0504377720734483
0.0446750426089801
0.0145937906239222
0.0128192455999128
0.0115581382326509
0.0105152511546774
0.00992488630629767
0.00938885838998464
0.00884758962084726
0.00835930255593309
0.00791197811873015
0.00748858205266537
0.00708867475673024
0.00671116471572854
0.00635278451185543
0.0060121330275573
0.00568919015712665
0.00538373352973026
0.00509502790944928
0.00482209236714101
0.00456390979351203
0.00431954815366846
0.00408821359639025
0.00386922991538313
0.00366198199173203
0.00346587350193538
0.0032803151222719
0.00310473218708857
0.00293857659186702
0.00278133378728186
0.00263252284901895
0.00249169231976802
0.00235841554186441
0.00223228760871266
0.00211292407620311
0.00199996055842516
0.00189305234320776
0.00179187364335825
0.00169611653530443
0.00160548981159596
0.00151971792877694
0.00143854010905072
0.00136170956346632
0.00128899277898009
0.00122016882376141
0.00115502870353925
0.0010933746937784
0.00103501968465044
0.000979786634475033
