1
0.0511513746481476
0.0452511644002602
0.0160572899988012
0.0140376526377859
0.0127443719521374
0.0118989875611426
0.0113726880906757
0.0108507892412982
0.0103257569594341
0.00983920474948361
0.00938489498109846
0.00895559850424076
0.00854962162265021
0.00816252677267071
0.00779055113249363
0.00743328747532128
0.00709162264942598
0.00676579596572034
0.00645522926033618
0.00615898458561384
0.00587612673576506
0.00560590423645116
0.00534775998254494
0.00510123757396893
0.00486589082890993
0.00464125012295166
0.00442683286936393
0.00422216683470202
0.00402680605490757
0.00384033413518155
0.00366235927406479
0.00349250774583866
0.00333041994877116
0.00317574949129788
0.00302816382210633
0.00288734485466694
0.00275298888524397
0.00262480589354821
0.00250251863434509
0.00238586184439207
0.00227458166366585
0.00216843520750812
0.00206719018632129
0.00197062450922951
0.00187852586214096
0.00179069128060005
0.00170692673957249
0.00162704676989259
0.00155087409943624
0.00147823931210971
0.00140898052029291
0.00134294304732146
0.0012799791192505
0.00121994756944193
0.0011627135561716
0.0011081482918742
0.00105612878309165
0.00100653758072131
0.000959262540213468
