1
0.00971412643980003
0.00900625220247076
0.00845117136970225
0.00792994228704492
0.0074400489270037
0.00697989853261599
0.00654777592736493
0.0061420342986595
0.00576112151370107
0.00540356816521077
0.00506797929635858
0.00475303333289371
0.00445748273929509
0.00418015287261015
0.00391993875692447
0.00367580090581049
0.00344676119227989
0.00323189916584365
0.00303034878991091
0.00284129544598694
0.00266397309430182
0.00249766155345113
0.00234168389967496
0.0021954039919939
0.00205822412198611
0.00192958278335244
0.00180895255706172
0.00169583810856512
0.00158977429484554
0.00149032437673272
0.00139707833178306
0.00130965126194235
0.00122768189081303
0.00115083114592121
0.00107878082175238
0.00101123231983003
0.000947905461861605
