1
0.0114244061205059
0.0094527077001491
0.0090052389628118
0.0085939984556229
0.00820157296300709
0.00782664341491656
0.00746867308899619
0.00712706018192805
0.00680111769810376
0.0064901390948659
0.0061934330035215
0.00591033449247604
0.00564020846624342
0.0053824508894444
0.00513648860395357
0.00490177774517614
0.00467780135689544
0.00446406704173303
0.00426010515782643
0.00406546759353107
0.00387972687528894
0.00370247535057216
0.00353332431770657
0.00337190310344584
0.00321785814723097
0.00307085214278435
0.00293056325399317
0.00279668439395097
0.00266892254861607
0.00254699813050451
0.00243064435836446
0.00231960666274572
0.00221364211985809
0.00211251891375727
0.0020160158256922
0.00192392174839433
0.00183603522316005
0.00175216399810754
0.00167212460678534
0.00159574196605749
0.00152284899263443
0.00145328623733177
0.00138690153625425
0.001323549677904
0.00126309208571758
0.00120539651475823
0.00115033676270035
0.00109779239372938
0.00104764847506788
0.000999795325772656
