1
0.0107708672096823
0.00984106914232692
0.00944601949040482
0.00906755158889632
0.00870362337215628
0.00835398269459457
0.00801821342685882
0.00769584507770789
0.00738636840035977
0.00708927265158749
0.00680406394591081
0.00653026896819521
0.00626743416131937
0.00601512443025855
0.00577292208147703
0.00554042593228362
0.00531725052667787
0.00510302545295846
0.00489739475205599
0.00470001638469332
0.00451056172325181
0.0043287150500301
0.00415417306133445
0.00398664438423446
0.00382584911295063
0.00367151836650819
0.00352339386570483
0.00338122752648951
0.00324478106774388
0.00311382563268009
0.00298814142359823
0.00286751735037619
0.00275175069213868
0.00264064677182205
0.00253401864307012
0.00243168678871207
0.002333478830649
0.00223922925066297
0.00214877912163571
0.00206197584913523
0.00197867292284917
0.00189872967732401
0.00182201106205914
0.00174838742025034
0.00167773427611739
0.00160993213033862
0.00154486626346422
0.00148242654681812
0.00142250726068777
0.00136500691980698
0.00130982810525109
0.00125687730317606
0.00120606474964666
0.00115730428162323
0.00111051319372542
0.00106561210055582
0.00102252480452355
0.00098117816879582
