1
0.0491726710718254
0.0447507315041819
0.0162730250926785
0.0136511136812572
0.0127699939323172
0.0116839082308087
0.0108455816730379
0.0102730394032788
0.00979426328189256
0.00938442382511222
0.0090391124764555
0.00872718759639898
0.00842748599601821
0.00813739704625002
0.00786072097883367
0.00759991949459782
0.00735475915747942
0.0071232123667495
0.00690273502840565
0.00669123560135714
0.00648737240223988
0.00629037630114436
0.0060997616551578
0.00591511909746031
0.00573604077993265
0.00556212695915868
0.0053930266325925
0.00522844482487134
0.00506814353758147
0.00491193224219356
0.00475965575658651
0.00461118432913426
0.0044664069181455
0.00432522719801785
0.00418756107751549
0.00405333476321947
0.00392248292572725
0.00379494692004509
0.00367067316921494
0.00354961180547015
0.00343171558723502
0.00331693905182266
0.00320523784614483
0.00309656818883245
0.00299088643596796
0.00288814873604
0.00278831076515687
0.00269132753383859
0.0025971532555475
0.00250574126691236
0.00241704399032101
0.00233101293098717
0.00224759870202963
0.00216675107215994
0.00208841903136651
0.00201255087059558
0.00193909427183519
0.0018679964055713
0.00179920403293805
0.00173266361034996
0.00166832139476704
0.00160612354804627
0.0015460162391068
0.00148794574293454
0.00143185853555539
0.00137770138440947
0.00132542143360792
0.00127496628378666
0.00122628406629501
0.0011793235116496
0.00113403401219852
0.00109036567902559
0.00104826939321617
0.00100769685159934
0.000968600607159048
