1
0.0112563954206094
0.0100971589532252
0.00979052686098687
0.00950757817230739
0.00923394681304033
0.00896847526148097
0.0087108869082307
0.00846097373086692
0.008218517053453
0.00798328802530846
0.00775505707234548
0.0075336003739188
0.00731870230325883
0.0071101555571476
0.00690776053335621
0.00671132469658985
0.00652066211883858
0.00633559316568426
0.00615594426317443
0.00598154769530451
0.00581224140440927
0.00564786878726248
0.00548827848802688
0.00533332419470103
0.00518286444737877
0.00503676245791542
0.00489488593864523
0.00475710693824902
0.00462330168399555
0.00449335042975552
0.00436713731002912
0.00424455019995731
0.00412548058135392
0.00400982341407498
0.00389747701283536
0.003788342928805
0.00368232583596159
0.00357933342182401
0.00347927628272368
0.00338206782291236
0.00328762415791187
0.00319586402144233
0.00310670867596128
0.00302008182678307
0.00293590953923057
0.00285412015922332
0.00277464423662604
0.00269741445168221
0.00262236554401411
0.00254943424446187
0.00247855920922547
0.00240968095670226
0.00234274180635447
0.0022776858200047
0.00221445874525074
0.00215300796077519
0.00209328242379018
0.00203523261925091
0.00197881051092743
0.00192396949422321
0.00187066435054628
0.00181885120348871
0.00176848747622512
0.0017195318508076
0.00167194422838521
0.0016256856912525
0.00158071846586061
0.001537005887232
0.00149451236462095
0.0014532033482491
0.00141304529720449
0.00137400564835441
0.00133605278646309
0.00129915601506046
0.00126328552852048
0.00122841238485348
0.00119450847952306
0.00116154652012589
0.00112950000176644
0.00109834318338195
0.00106805106474777
0.00103859936424807
0.00100996449737075
0.000982123555866675
