1
0.0498542614922
0.0439163486318263
0.0160948380685587
0.013917580679544
0.0127714215607387
0.0121287697733272
0.0116279690865949
0.0111209708547314
0.0106457484620105
0.0102137780373584
0.0098085634604081
0.0094251657969301
0.00906214400332776
0.00871614051412683
0.00838564205670444
0.00807071171862077
0.00777102957350132
0.00748567861834183
0.00721358555376526
0.00695376058014902
0.00670539139011774
0.00646783540526283
0.00624053871391414
0.00602296702841522
0.00581459003881402
0.00561489753076857
0.00542341455345577
0.00523970649288381
0.00506337487622204
0.0048940498393844
0.0047313843550474
0.00457505161247598
0.00442474429598889
0.00428017414821995
0.00414107101168688
0.00400718138126437
0.00387826685544015
0.00375410279484543
0.00363447729250016
0.00351919026409668
0.00340805269661007
0.00330088591670628
0.00319752087409398
0.00309779746705864
0.00300156393962631
0.00290867633138045
0.00281899796891562
0.00273239900734378
0.00264875601182734
0.00256795156627378
0.00248987390175462
0.00241441655911117
0.00234147808185107
0.00227096172449469
0.00220277518222922
0.00213683034253585
0.00207304305331817
0.00201133290601891
0.00195162303327832
0.00189383992012409
0.00183791322753956
0.00178377562738178
0.0017313626477132
0.00168061252777557
0.00163146608187491
0.00158386657152489
0.00153775958524684
0.0014930929254718
0.00144981650200513
0.00140788223169231
0.00136724394373549
0.00132785729030528
0.00128967966213638
0.0012526701087664
0.00121678926309229
0.00118199926997215
0.00114826371861453
0.00111554757851509
0.00108381713872999
0.00105303995027491
0.00102318477144601
0.000994221515930652
