1
0.0487310834284235
0.0447086292313304
0.0163134368892403
0.0124701187664798
0.0109235513042416
0.00940692069190646
0.00818415519331329
0.00733707882483838
0.00664584897669398
0.00603942503491948
0.0055215272404094
0.00507199087223927
0.00466580042973324
0.00429286301292025
0.00395202327908111
0.0036428932837062
0.00336355434806684
0.00311092917070771
0.00288153114017492
0.00267212702645184
0.00248011841654957
0.00230356069130132
0.0021409674570783
0.00199110068126469
0.00185284472836601
0.0017251636828668
0.00160710342764393
0.00149780334445981
0.00139649965809397
0.0013025177915123
0.0012152588115085
0.00113418575545182
0.00105881298131083
0.00098869891721443
