1
0.0107261261530678
0.00971477866184057
0.00933019775602422
0.00897063332085976
0.00862615086687836
0.00829514452962958
0.00797697104935032
0.00767113267089265
0.0073771542144761
0.0070945710765905
0.0068229330208646
0.00656180734956819
0.00631077947704251
0.00606945213916964
0.00583744433655823
0.00561439043229014
0.00539993943426101
0.00519375438763866
0.004995511815834
0.00480490118261573
0.0046216243686296
0.00444539516321184
0.00427593877454508
0.00411299135976788
0.00395629957582205
0.00380562014960856
0.00366071946675976
0.0035213731772672
0.00338736581769253
0.00325849044876066
0.00313454830838492
0.00301534847911385
0.00290070756969766
0.00279044941004325
0.00268440475879622
0.00258241102343454
0.00248431199192483
0.00238995757545639
0.00229920356218134
0.00221191138104879
0.00212794787561663
0.00204718508707248
0.00196950004642845
0.00189477457527568
0.00182289509468132
0.00175375244224398
0.00168724169623601
0.00162326200748781
0.00156171643781788
0.00150251180518376
0.00144555853524254
0.00139077051890118
0.00133806497561652
0.00128736232232999
0.00123858604774862
0.0011916625916924
0.00114652122920875
0.00110309395954689
0.0010613153994651
0.00102112268095518
0.0009824553529271
