1
0.0107786427975872
0.0102843099673646
0.0100318072615769
0.00978614636312086
0.00954724973689709
0.00931531741669703
0.00909024850002462
0.00887183593373472
0.00865984340239787
0.00845403877148991
0.00825420150525649
0.00806012169335941
0.00787159844369742
0.00768843902481114
0.00751045842874777
0.00733747904210098
0.00716933033265865
0.00700584854784043
0.00684687642808175
0.00669226292966561
0.0065418629530578
0.00639553707793245
0.00625315130906854
0.00611457683581633
0.0059796898054702
0.005848371108651
0.00572050617504738
0.00559598477815194
0.00547470084875099
0.00535655229692011
0.00524144084250268
0.00512927185359614
0.00501995419258639
0.00491340006950309
0.00480952490189826
0.00470824718129699
0.00460948834569022
0.00451317265783408
0.00441922708908921
0.00432758120866869
0.00423816707769689
0.00415091914809857
0.00406577416598865
0.00398267107777106
0.0039015509492538
0.00382235688311016
0.00374503392705463
0.00366952899575858
0.00359579080110871
0.00352376978321343
0.00345341804301901
0.00338468927790867
0.00331753872024676
0.00325192307850886
0.00318780048085309
0.00312513042118754
0.00306387370736439
0.00300399241162224
0.00294544982330388
0.00288821040325013
0.00283223974042182
0.00277750451005141
0.0027239724337884
0.00267161224123212
0.00262039363335104
0.00257028724708874
0.00252126462165132
0.00247329816610433
0.00242636112818192
0.00238042756454683
0.00233547231204601
0.00229147096030662
0.00224839982524242
0.00220623592377218
0.00216495694944744
0.00212454124905212
0.00208496780016857
0.00204621618953312
0.00200826659233709
0.00197109975227941
0.00193469696232238
0.00189904004638184
0.00186411134141805
0.00182989368057773
0.001796370376594
0.00176352520617769
0.00173134239469741
0.00169980660156483
0.00166890290623194
0.00163861679458744
0.00160893414586188
0.00157984122012275
0.00155132464617924
0.00152337140980134
0.00149596884259754
0.00146910461111663
0.0014427667064041
0.00141694343394832
0.00139162340393776
0.00136679552197389
0.00134244897992106
0.00131857324727678
0.00129515806276607
0.00127219342615542
0.00124966959049891
0.00122757705455669
0.0012059065554392
0.00118464906166107
0.00116379576623581
0.00114333808019124
0.00112326762612536
0.00110357623211527
0.00108425592584006
0.00106529892875372
0.00104669765058495
0.00102844468398211
0.00101053279936019
0.000992954939831144
