1
0.0113626985298211
0.00987507404688272
0.0094979710734582
0.00914494714165098
0.0088058058770671
0.00847947148861973
0.0081652199050089
0.00786257370871756
0.00757112777650843
0.00729048319515758
0.00702024464142404
0.00676002648398481
0.00650945612061923
0.00626817501371413
0.00603583851384785
0.00581211516242671
0.00559668591151884
0.0053892434733364
0.0051894918310609
0.00499714585407845
0.00481193094859208
0.00463358270233136
0.00446184651615399
0.00429647723342426
0.00413723878108342
0.00398390382907724
0.00383625346774176
0.00369407689954905
0.0035571711414531
0.00342534073674595
0.00329839747631359
0.00317616012975675
0.0030584541866752
0.00294511160798006
0.00283597058624323
0.00273087531515426
0.00262967576728441
0.00253222747986329
0.00243839134856444
0.00234803342882904
0.00226102474457054
0.00217724110398699
0.002096562922148
0.00201887505016784
0.00194406661055888
0.00187203083894227
0.00180266493144019
0.00173586989753779
0.00167155041888377
0.0016096147128352
0.00154997440136126
0.00149254438465229
0.00143724271949027
0.00138399050215631
0.00133271175550111
0.00128333332050258
0.00123578475157862
0.00118999821585721
0.00114590839635593
0.00110345239845388
0.00106256966009764
0.00102320186523354
0.000985292860383884
