1
0.0234861724162188
0.0110707653325377
0.0103591712086373
0.0100943843231936
0.00985905467097843
0.00963188285457117
0.00941029391057273
0.00919430321016567
0.00898399304416558
0.00877926512704272
0.00857993488191612
0.00838580767319573
0.00819670563325278
0.00801246895782868
0.00783295055680911
0.00765801146653474
0.00748751817845996
0.0073213413729819
0.00715935551725064
0.00700143891080602
0.00684747384090952
0.00669734663412904
0.00655094755071757
0.00640817058237892
0.00626891324054355
0.00613307638603669
0.00600056410343294
0.00587128359874749
0.00574514509933814
0.00562206174824922
0.00550194949504701
0.00538472698880188
0.00527031547739195
0.00515863872200823
0.00504962287515121
0.00494319643094432
0.00483929013439966
0.00473783689909392
0.00463877172907254
0.00454203164460291
0.00444755561133612
0.00435528447252946
0.00426516088367928
0.0041771292498886
0.00409113566550442
0.00400712785610396
0.00392505512282568
0.00384486828875002
0.00376651964745637
0.00368996291357324
0.00361515317516382
0.00354204684797549
0.0034706016314412
0.00340077646644087
0.00333253149449705
0.00326582801868566
0.00320062846600971
0.00313689635114405
0.0030745962416023
0.00301369372417629
0.00295415537270773
0.00289594871703536
0.00283904221308473
0.00278340521416437
0.00272900794320859
0.00267582146624523
0.00262381766667766
0.00257296922061881
0.00252324957313608
0.00247463291544088
0.0024270941627371
0.00238060893318477
0.00233515352741656
0.00229070490891298
0.00224724068510234
0.00220473908916382
0.00216317896255895
0.00212253973808831
0.00208280142377051
0.00204394458714701
0.00200595034035827
0.00196880032556332
0.00193247670116157
0.00189696212837145
0.00186223975832707
0.00182829321974749
0.00179510660705701
0.00176266446892955
0.00173095179725643
0.00169995401667583
0.00166965697433296
0.00164004693015865
0.00161111054751481
0.0015828348842055
0.00155520738379305
0.00152821586731982
0.00150184852538547
0.00147609391048958
0.00145094092962825
0.00142637883736641
0.00140239722901037
0.00137898603415746
0.00135613551045883
0.0013338362376812
0.00131207911194573
0.0012908553402305
0.00127015643507664
0.00124997420953496
0.00123030077229901
0.00121112852285302
0.00119245014717995
0.00117425861317298
0.00115654716652179
0.00113930932660044
0.00112253888254505
0.0011062298893753
0.00109037666429953
0.00107497378307719
0.00106001607653076
0.00104549862698103
0.00103141676499566
0.00101776606601695
0.00100454234714053
0.00099174166389287
