1
0.0492519400925212
0.0441464370860876
0.0145093810945184
0.0124859487660176
0.0115513753736871
0.0102552299342814
0.00931824799802784
0.00862311014828487
0.00797574551015313
0.00740183093527398
0.00690577259624693
0.00644902602139521
0.00601263860290786
0.00559799439476218
0.00520908797663006
0.00484725535629745
0.00451174236140863
0.00420046500106444
0.00391090990274918
0.00364095020828007
0.00338907262156588
0.00315416530693654
0.00293525486927357
0.00273137308530635
0.00254153846067879
0.00236478857115774
0.00220021476636851
0.00204697824649154
0.00190430812339541
0.0017714912904447
0.00164786260583118
0.00153279877895426
0.00142571550218088
0.00132606606119367
0.00123334002294434
0.00114706145530622
0.00106678675900838
0.000992102408347959
