1
0.0489840162317447
0.0447969205774126
0.0163821776177614
0.0130704164108366
0.011808869775689
0.0104628968060835
0.00938947699865133
0.00864199473488268
0.00801978150773567
0.00747473329569293
0.00700928395987246
0.00659876271848283
0.00621963894604963
0.00586504445385118
0.00553599989003952
0.0052333958398393
0.00495609518187123
0.00470147137865743
0.00446636557517061
0.00424791339197484
0.00404394121655121
0.00385291967870943
0.0036737181924365
0.00350538473286646
0.0033470354420518
0.00319783335010678
0.00305700588914106
0.00292386305306763
0.00279780093195781
0.00267829223049764
0.0025648716612633
0.00245712273214907
0.00235466852467076
0.00225716604815323
0.00216430263341318
0.00207579305687298
0.00199137677058566
0.00191081515967481
0.00183388869061775
0.00176039638871704
0.00169015121288067
0.00162297938921994
0.00155871964285795
0.00149722207977034
0.00143834693264327
0.00138196363805561
0.00132795002041873
0.00127619155184493
0.00122658069936458
0.00117901635125874
0.00113340329026258
0.00108965182639832
0.00104767729436734
0.00100739964997546
0.000968743183087435
