1
0.051107840641031
0.0452868299823584
0.0154497074973063
0.0135901894260244
0.0122364036773771
0.0111110547441664
0.0104329466154194
0.00981878082082393
0.00920745409543892
0.00865752091378437
0.00815958328386687
0.00769604517219017
0.00726462604631219
0.00686236991506577
0.00648425424474944
0.00612770238429162
0.00579215126124934
0.00547705487074052
0.00518130504270472
0.00490349030973835
0.00464216900080401
0.00439603643055758
0.0041640019170189
0.00394516360378748
0.00373872960610147
0.00354395496691145
0.00336011935539734
0.00318653240351339
0.00302254650309359
0.0028675644241046
0.00272103836182652
0.00258246339369206
0.00245137009074402
0.0023273192420935
0.00220989908082677
0.00209872394936301
0.00199343323240864
0.00189368995919963
0.00179917906318042
0.00170960556292172
0.00162469289401401
0.00154418156565223
0.0014678279172672
0.00139540305021141
0.00132669188188313
0.00126149223345264
0.00119961395350443
0.0011408781003674
0.00108511619230251
0.00103216952234741
0.000981888529173372
