1
0.0223309334683009
0.0108180725798778
0.0102533823309414
0.0100550252242577
0.00985990117664272
0.00966194955772211
0.00946252504870833
0.00926311058591611
0.0090644728477774
0.00886699145381168
0.00867093342961402
0.00847652824893006
0.0082839732223534
0.00809343948340934
0.00790507618460991
0.00771901368037414
0.00753536673006871
0.00735423668822383
0.00717571300057633
0.0069998742787797
0.00682678913157043
0.00665651686022807
0.00648910807337367
0.00632460524305063
0.0061630432127893
0.00600444966684441
0.00584884557112639
0.00569624559449001
0.00554665851534966
0.00540008761521598
0.00525653105882796
0.00511598226047736
0.00497843023640371
0.00484385994302093
0.00471225260155166
0.00458358600838061
0.00445783483148494
0.004334970892574
0.0042149634356143
0.00409777938024761
0.00398338356137587
0.00387173895579721
0.00376280689534432
0.00365654726676052
0.00355291869907712
0.00345187873872493
0.00335338401293161
0.00325739038194276
0.00316385308033673
0.00307272684815644
0.00298396605216036
0.00289752479784618
0.00281335703272523
0.00273141664100231
0.00265165753085214
0.00257403371382413
0.00249849937767778
0.00242500895248523
0.00235351717070182
0.00228397912151899
0.00221635029988356
0.00215058665054363
0.00208664460745057
0.00202448112889125
0.00196405372850793
0.0019053205028333
0.00184824015507619
0.00179277201604143
0.00173887606182109
0.00168651292899481
0.00163564392716447
0.00158623104936805
0.00153823698008664
0.00149162510165079
0.00144635949852108
0.00140240496022133
0.00135972698258895
0.00131829176773556
0.00127806622273959
0.00123901795719791
0.00120111527978622
0.00116432719393666
0.0011286233924426
0.00109397425166535
0.00106035082470436
0.00102772483421128
0.000996068664559044
