1
0.0514095714251031
0.045393623308375
0.0165142506900412
0.0143430397071435
0.013041992951739
0.0122187803403051
0.0116632798736597
0.0111063981817572
0.0105562905400038
0.0100527783102639
0.00958548909284527
0.00914535990272533
0.00873068703136081
0.00833712757585926
0.00796101400635603
0.00760189574111379
0.00726021572803085
0.00693563624103951
0.00662718594849779
0.00633372672197868
0.00605421008358797
0.00578780664236808
0.00553385764414268
0.0052917933437512
0.00506105438824264
0.00484107368994234
0.00463129250274575
0.00443118047727609
0.00424024533610461
0.00405803109642359
0.0038841107741501
0.0037180798068907
0.00355955285213082
0.00340816325876688
0.00326356337332258
0.00312542439713717
0.00299343549585864
0.00286730249287864
0.00274674658224843
0.00263150328862864
0.00252132166820924
0.0024159636361399
0.00231520332027981
0.00221882640433581
0.00212662947242825
0.00203841938683697
0.00195401270479657
0.00187323514322771
0.00179592108493682
0.00172191311314271
0.00165106156931373
0.00158322413394602
0.00151826543086703
0.00145605665499657
0.00139647522249775
0.00133940444166142
0.00128473320283805
0.00123235568600314
0.00118217108486058
0.00113408334659622
0.00108800092643584
0.0010438365561352
0.00100150702556824
0.000960932976588082
