1
0.0458093960586242
0.0190627974772225
0.0106619346490991
0.00984561665838388
0.00946108441217076
0.0090946322995802
0.00873994472723154
0.00839850536034445
0.0080713694390464
0.00775803579060775
0.0074575178338569
0.00716898990225135
0.0068918258303446
0.00662551008844491
0.00636958301536509
0.00612361806848036
0.00588721195227045
0.00565998010342455
0.00544155508013233
0.00523158609978944
0.00502973852141335
0.00483569290163117
0.00464914380715288
0.00446979868719926
0.00429737697948884
0.00413160945230295
0.00397223769327316
0.00381901365277152
0.00367169919403658
0.00353006564555797
0.0033938933701784
0.00326297136371757
0.00313709688530406
0.00301607511428264
0.00289971882636877
0.00278784808515063
0.00268028994602222
0.00257687817306484
0.0024774529697724
0.00238186072241807
0.00228995375509538
0.00220159009569043
0.00211663325165413
0.00203495199545775
0.0019564201586118
0.00188091643462411
0.00180832418971532
0.00173853128161133
0.00167142988531253
0.00160691632620363
0.00154489091952729
0.00148525781644062
0.00142792485600737
0.00137280342307175
0.00131980831170921
0.00126885759400522
0.00121987249392861
0.00117277726614288
0.0011274990794683
0.00108396790493495
0.00104211640801263
0.00100187984519755
0.000963195964379546
