1
0.0484639054809636
0.0445880843443513
0.0162582171123078
0.0119810079966727
0.0102174576594717
0.00861114485950644
0.00731200428703215
0.00641897361848123
0.00570597769846575
0.0050840385298209
0.00455575390544042
0.00410464034527643
0.00370496422602197
0.00334389188334022
0.00301831060872358
0.00272680789446138
0.00246691160390058
0.0022352523876598
0.00202816607781653
0.00184222281319162
0.00167457090116669
0.00152299583662572
0.0013857711351893
0.00126146728633861
0.0011488213801065
0.00104668082199287
0.000953992747969187
