1
0.0507009318995794
0.0448371723979752
0.0147079403523866
0.0130190884452921
0.0117105927997139
0.0103950646474289
0.00962588089733322
0.00900848593963185
0.00840395130855219
0.00787432001891246
0.00740558614106057
0.00696515264865977
0.00654939966119999
0.00616126352357495
0.00579922692645905
0.0054610483737404
0.00514519481237945
0.0048500402194738
0.00457383837614724
0.00431504987306657
0.00407237327429735
0.0038446467002895
0.00363080903683797
0.00342989686347532
0.00324103300235745
0.00306340990107906
0.00289627825200609
0.00273894161238509
0.00259075423687721
0.00245111990223145
0.00231948913730746
0.00219535474858559
0.00207824713545673
0.00196773022783958
0.0018633983403635
0.00176487379079294
0.00167180492281038
0.00158386423883399
0.00150074654344034
0.00142216714275312
0.00134786018059829
0.0012775771543408
0.00121108560173243
0.00114816792878476
0.00108862033884326
0.00103225183779421
0.000978883316237166
