1
0.0473171031189963
0.046052285526744
0.0258071928081334
0.0238829330999604
0.0217510391229308
0.0194284594733009
0.0172440498723912
0.0153705952712699
0.0138289401352854
0.012559661992603
0.0114840054828324
0.0105395259070487
0.00968959317881921
0.008916893504555
0.00821348127775653
0.00757406604429818
0.00699331423060018
0.00646550665434437
0.00598496630514365
0.00554646457344735
0.00514540385581939
0.00477782247360598
0.00444031380000587
0.00412992592658211
0.00384407407491986
0.0035804744745171
0.00333709694316818
0.0031121301556436
0.00290395443083981
0.00271111887084207
0.00253232136333304
0.00236639090615287
0.00221227207014075
0.00206901146245703
0.00193574600120582
0.00181169277117584
0.00169614022628692
0.00158844052834926
0.00148800284630026
0.00139428747351295
0.00130680064774265
0.00122508997854719
0.00114874040204702
0.00107737059469947
0.00101062978730034
0.000948194928612239
