1
0.0103090527139729
0.00834562061618658
0.00790228514484753
0.00750674181976782
0.00714468466253585
0.0068089203302652
0.00649441913604249
0.0061978448833153
0.0059169487580161
0.00565015253863292
0.00539628798053268
0.00515444016205
0.00492385579632156
0.00470388962209576
0.00449397218970058
0.00429358967666439
0.00410227080049109
0.00391957819456419
0.00374510267674946
0.00357845935542451
0.00341928485604605
0.00326723521978963
0.00312198422644583
0.00298322201351644
0.00285065391903468
0.00272399949578628
0.00260299165378202
0.00248737589713304
0.00237690963257035
0.00227136153522632
0.0021705109634222
0.00207414741599102
0.00198207002693681
0.00189408709306061
0.00181001563019583
0.00172968095544271
0.00165291629272185
0.00157956240001184
0.00150946721623393
0.00144248552692908
0.00137847864689975
0.00131731411893484
0.00125886542747755
0.00120301172640893
0.00114963758010758
0.00109863271689635
0.00104989179433537
0.00100331417574743
0.000958803717145246
