1
0.051174481506441
0.0451734901719163
0.0152046554073396
0.013307834678906
0.0120858355662906
0.0112466107280141
0.0107781063052172
0.0103214331930292
0.00985347739977892
0.00942582516500952
0.00903252755588181
0.00866357181718007
0.00831739301936335
0.00799013088373603
0.00767768772487529
0.00737914406623952
0.00709518794356369
0.0068260320461001
0.00657106924293064
0.00632930857144803
0.00609974737731195
0.00588155988322362
0.00567412634093473
0.00547695287526517
0.00528957767427766
0.00511152686834099
0.00494231768546446
0.00478147946361427
0.00462857113181037
0.00448318623165187
0.00434494867646359
0.00421350566990876
0.00408852256730824
0.00396968093769487
0.00385667864291327
0.00374923006805037
0.00364706596600163
0.00354993262186712
0.00345759068531623
0.00336981407250874
0.00328638910241972
0.00320711383441396
0.00313179748804279
0.00306025999871588
0.00299233118533267
0.00292785043159192
0.00286666611976383
0.00280863513429862
0.00275362240730715
0.00270150049792883
0.00265214918118234
0.00260545520221742
0.00256131172732473
0.00251961810340403
0.00248027959046146
0.0024432070716661
0.00240831677501985
0.00237553001842242
0.00234477309712134
0.00231597674549402
0.00228907622716845
0.00226401112759663
0.00224072511958712
0.00221916579548777
0.00219928451554617
0.00218103627047799
0.00216437955561776
0.00214927625508581
0.00213569152531021
0.00212359375560319
0.00211295438718736
0.00210374788594902
0.00209595162655221
0.00208954588235439
0.00208451377949231
0.00208084124013226
0.00207851694223089
0.00207753228556162
0.00207788138443843
0.00207956104944833
0.00208257075867918
0.00208691267798971
0.00209259167939711
0.00209961535738535
0.00210799405185253
0.0021177408900002
0.00212887182147385
0.00214140566877421
0.00215536419239203
0.00217077216137388
0.00218765743073675
0.00220605102813826
0.00222598720305383
0.00224750368863142
0.00227064199066847
0.00229544662968597
0.00232196623219904
0.00235025335465629
0.00238036460286759
0.00241236079023321
0.002446307111685
0.00248227333101824
0.00252033398498191
0.00256056857039585
0.00260306176835342
0.00264790364869141
0.00269518988485202
0.00274502197866173
0.00279750749132031
0.00285276025087599
0.00291090055624631
0.00297205538020484
0.00303635855243648
0.00310395091465533
0.00317498044257684
0.00324960232563317
0.00332797899222956
0.00341028006610858
0.00349668223570835
0.0035873690260786
0.00368253042900944
0.00378236238356952
0.00388706607579125
0.00399684699843335
0.00411191392794471
0.00423247691008156
0.00435874587587459
0.00449092832469747
0.00462922651205972
0.0047738341141641
0.00492493227538972
0.00508268496014021
0.00524723350568832
0.0054186903043785
0.0055971315567034
0.00578258902295977
0.00597504073040231
0.00617440062517375
0.00638050719160258
0.00659311113826098
0.00681186229282455
0.00703629596236717
0.00726581908734997
0.00749969668647967
0.00773703921637678
0.00797679157143155
0.0082177246460019
0.00845843049945774
0.00869732223836324
0.00893263974885063
0.00916246239205145
0.00938472959331839
0.00959726995904612
0.00979783911909264
0.00998416594969331
0.0101540066035152
0.0103052019585219
0.0104357410204856
0.0105438238604866
0.0106279200935049
0.0106868205936557
0.0107196788854827
0.0107260394178855
0.0107058506565317
0.0106594636602823
0.0105876109839931
0.0104913761078338
0.0103721508931984
0.0102315826564682
0.010071516519665
0.00989393699447013
0.00970090966221281
0.00949452725033568
0.00927686533367694
0.00904993573698142
0.00881565735600818
0.00857583458843256
0.00833212764221663
0.00808604673371286
0.00783896249294661
0.00759209826706799
0.00734652516156261
0.00710317582873798
0.00686285321608627
0.00662623820262677
0.00639389963220474
0.00616630461755333
0.00594382900674394
0.00572676764665667
0.00551534426620449
0.00530972050590842
0.00511000414415113
0.00491625668329455
0.0047285001442544
0.00454672304604735
0.00437088578288948
0.00420092530073165
0.004036759013003
0.00387828835289636
0.00372540192567608
0.00357797817458058
0.0034358876375012
0.00329899487709967
0.00316716013005297
0.0030402407283913
0.00291809228384284
0.0028005696790527
0.00268752791515069
0.00257882282098333
0.0024743116360698
0.00237385348880941
0.00227730978735892
0.00218454453602039
0.00209542458754849
0.00200981983935791
0.00192760338913664
0.00184865164212797
0.00177284438370934
0.00170006482980706
0.00163019965337383
0.00156313898837482
0.00149877641608554
0.00143700893735451
0.0013777369333622
0.00132086411671406
0.00126629747456565
0.00121394720465494
0.00116372665039036
0.00111555222462296
0.00106934333254424
0.0010250222959319
0.000982514274678628
