1
0.0490220895909941
0.04324908490745
0.0157512987142367
0.0135966524059489
0.0124672602120665
0.0118264363128393
0.0112836455470578
0.0107401826905381
0.0102363298556906
0.00977367456487973
0.00933727423445344
0.00892391189975981
0.00853213710662999
0.00815930771841625
0.00780451899855678
0.00746770892657851
0.00714827611503556
0.0068451763195089
0.0065573035634371
0.00628365386481733
0.00602337990599778
0.00577576115674836
0.005540132046442
0.00531584019679288
0.00510224693241431
0.00489874313457141
0.00470476028671661
0.00451977165803212
0.00434328715709442
0.00417484724695246
0.00401401910693818
0.0038603950845086
0.00371359205360385
0.00357325056250892
0.00343903346391131
0.00331062426498689
0.00318772553802767
0.0030700575464829
0.00295735709060455
0.00284937647413254
0.00274588252282744
0.00264665563553366
0.00255148888020542
0.0024601871512826
0.00237256639390004
0.0022884528897116
0.00220768259519901
0.00213010052510432
0.00205556017694429
0.00198392299459372
0.00191505786912439
0.00184884064211397
0.00178515388474495
0.00172388608806121
0.00166493154759731
0.00160819004343642
0.00155356647561769
0.00150097054509201
0.00145031646682045
0.00140152270644815
0.00135451173528648
0.00130920980110321
0.00126554671226225
0.00122345562930281
0.00118287296459726
0.00114373800298111
0.00110599289796744
0.00106958249429473
0.00103445417549855
0.00100055772286558
0.000967845186254017
