1
0.0508350303320391
0.0450609236542104
0.015224942367576
0.0133708254033882
0.0120151637945032
0.0108838848385895
0.0102038854266056
0.0095894810223724
0.00897997680456891
0.00843207995031048
0.00793405110026245
0.00746818689106015
0.00703303187698834
0.00662637298949441
0.00624374127414073
0.00588282406727772
0.00554307298626384
0.00522391060661783
0.00492426486716322
0.00464281094300691
0.00437819826963543
0.00412919109121294
0.00389473766696741
0.00367395031873904
0.00346603752939145
0.00327024955943597
0.00308585952248572
0.00291216845113524
0.00274851735591806
0.00259429354706418
0.0024489302398665
0.0023119009990169
0.00218271396370647
0.00206090658192311
0.00194604336612993
0.00183771500348181
0.00173553744118163
0.00163915058966605
0.00154821671923031
0.00146241879672206
0.00138145896754516
0.00130505725367952
0.00123295043147292
0.00116489101839997
0.00110064631692728
0.00103999749758937
0.000982738725971301
