1
0.0503046544469818
0.0444430332551806
0.01393309773758
0.0122196344006435
0.0109316244674824
0.00959433487356344
0.00881817794283044
0.00820048826903432
0.00759385662817558
0.0070660810963813
0.00660174366583125
0.00616431102106918
0.00574989188669795
0.00536281002948184
0.00500251789182943
0.00466717522955624
0.00435530645137682
0.00406516704139016
0.00379488509986273
0.00354287500205446
0.00330784635453598
0.00308864967087634
0.00288420697271428
0.0026935083593607
0.00251561120724068
0.00234963683585978
0.00219476701364203
0.00205024046734462
0.001915349410575
0.0017894364067144
0.00167189159418503
0.00156214831839745
0.00145967996901644
0.00136399632387217
0.00127464076376513
0.00119118801165106
0.00111324208214494
0.00104043430126911
0.000972421370046499
