1
0.0514837541780335
0.0454488838167509
0.0158144867659256
0.013754408642679
0.0124526179231343
0.0115784645991773
0.0110349952906795
0.0105022708235148
0.00997069211771155
0.00948730478053804
0.00904406950913072
0.00863032086932728
0.00824366758950995
0.00787936837571809
0.00753274207612285
0.00720255794026481
0.00688918535919978
0.00659246056307468
0.00631145297808276
0.00604492704841062
0.00579168519975453
0.00555074208182722
0.00532134577284862
0.00510288728248863
0.00489480111074873
0.00469652249422243
0.0045074920066499
0.00432717592189619
0.00415508098449742
0.00399075700614259
0.00383379068136231
0.00368379727083363
0.00354041477402008
0.00340330149348742
0.00327213556276716
0.00314661475418027
0.00302645570356192
0.00291139254368427
0.00280117533994163
0.00269556868887972
0.00259435060427273
0.00249731163296184
0.00240425409237595
0.00231499134559832
0.00222934708671709
0.0021471546511893
0.00206825637419745
0.00199250300762685
0.00191975318741146
0.00184987294620265
0.00178273526299536
0.00171821964187832
0.00165621171770342
0.00159660288850109
0.00153928997388499
0.0014841748977087
0.00143116439278873
0.00138016972559991
0.00133110643915043
0.0012838941126783
0.00123845613695631
0.00119471950412957
0.001152614611081
0.00111207507527491
0.00107303756205015
0.00103544162375715
0.000999229547034774
