1
0.00259362096931348
0.00244876042284
0.00235296798341581
0.00226067013575214
0.00217281850283944
0.00208929123994855
0.00200982681687823
0.00193416980113105
0.00186208441516565
0.00179335381824273
0.00172777807860571
0.00166517237656884
0.00160536551276514
0.00154819864231751
0.00149352417569327
0.00144120480701468
0.00139111264739142
0.0013431284464241
0.00129714089014571
0.00125304596650344
0.00121074638979891
0.0011701510785272
0.00113117468018869
0.0010937371385355
0.00105776329916925
0.00102318254879758
0.00098992848589126
