1
0.00235265408486892
0.00196461639287176
0.00194391860287317
0.00192037983979834
0.00189012056154964
0.00185878739145775
0.00182789525414143
0.00179778027510816
0.00176846728432863
0.00173991937442349
0.00171209655503832
0.00168496537024294
0.00165849803116924
0.00163267043450363
0.00160746077945105
0.00158284878664227
0.0015588152876127
0.00153534201018074
0.0015124114611134
0.00149000685547699
0.00146811206831559
0.00144671159755669
0.00142579053214831
0.00140533452436406
0.00138532976334776
0.00136576295116286
0.00134662127973227
0.00132789240926235
0.00130956444770995
0.00129162593133265
0.00127406580615466
0.00125687341055761
0.00124003845839208
0.00122355102332903
0.0012074015236475
0.00119158070792693
0.00117607964147811
0.00116088969321164
0.00114600252342582
0.00113141007191337
0.00111710454669988
0.0011030784135243
0.00108932438536842
0.00107583541296409
0.001062604675409
0.00104962557118262
0.00103689170990346
0.00102439690399243
0.00101213516125253
0.00100010067724421
0.000988287828162577
