1
0.00234842260951522
0.00194771254523255
0.00191896594335804
0.00188727543203674
0.00184932813477404
0.00181069666024581
0.00177282599225851
0.00173601241239136
0.00170025944063484
0.0016655165894918
0.00163173309943382
0.00159886576811292
0.00156687755135612
0.00153573546524465
0.0015054091966511
0.00147587033021735
0.00144709193751513
0.00141904835467864
0.00139171505086478
0.0013650685414632
0.00133908632267468
0.00131374681698272
0.00128902932531972
0.00126491398313473
0.00124138171975262
0.00121841422003901
0.00119599388853939
0.00117410381546552
0.00115272774466786
0.00113185004336101
0.00111145567336853
0.00109153016407875
0.00107205958656953
0.00105303052953091
0.00103443007593157
0.00101624578127905
0.000998465652908908
