1
0.0023514999452962
0.00193373930763713
0.00189179668152006
0.00184694153858229
0.00179675156453535
0.00174664287197344
0.00169793620872701
0.00165085608448599
0.00160536475418456
0.00156138289809656
0.00151883553827627
0.00147765719968011
0.00143778974302348
0.00139918009400411
0.00136177882530029
0.00132553936782435
0.00129041757303239
0.00125637145014307
0.00122336098991489
0.00119134803036872
0.00116029614464308
0.00113017054214768
0.00110093797833132
0.00107256667155259
0.0010450262249481
0.00101828755403607
0.000992322818235578
