1
0.00234973589049263
0.00193969646443632
0.00190398180788564
0.00186529640427434
0.00182081719426136
0.00177604127988153
0.00173234842079104
0.00168999773234785
0.00164897186893839
0.00160920615139062
0.00157063810171096
0.00153321379185089
0.00149688601233932
0.00146161207864062
0.00142735242902185
0.00139406984843256
0.0013617290479342
0.00133029642584157
0.0012997399163592
0.00127002888105128
0.00124113402223855
0.00121302730762336
0.00118568190296028
0.00115907210939752
0.00113317330563369
0.00110796189320944
0.00108341524564865
0.00105951165988705
0.00103623031134852
0.00101355121080102
0.000991455164276791
